    2.78005e+03     3.66672e-01     3.69792e-02     9.16680e+04
    2.78015e+03     3.65868e-01     3.63072e-02     9.14670e+04
    2.78025e+03     3.66636e-01     3.64384e-02     9.16590e+04
    2.78035e+03     3.66148e-01     3.67328e-02     9.15370e+04
    2.78045e+03     3.67256e-01     3.67488e-02     9.18140e+04
    2.78055e+03     3.64444e-01     3.61216e-02     9.11110e+04
    2.78065e+03     3.68016e-01     3.67008e-02     9.20040e+04
    2.78075e+03     3.66868e-01     3.67104e-02     9.17170e+04
    2.78085e+03     3.66660e-01     3.69440e-02     9.16650e+04
    2.78095e+03     3.65824e-01     3.63904e-02     9.14560e+04
    2.78105e+03     3.67868e-01     3.69600e-02     9.19670e+04
    2.78115e+03     3.65704e-01     3.70752e-02     9.14260e+04
    2.78125e+03     3.67660e-01     3.61824e-02     9.19150e+04
    2.78135e+03     3.64968e-01     3.66432e-02     9.12420e+04
    2.78145e+03     3.67412e-01     3.68096e-02     9.18530e+04
    2.78155e+03     3.67128e-01     3.68960e-02     9.17820e+04
    2.78165e+03     3.66212e-01     3.68192e-02     9.15530e+04
    2.78175e+03     3.68128e-01     3.75584e-02     9.20320e+04
    2.78185e+03     3.67628e-01     3.69120e-02     9.19070e+04
    2.78195e+03     3.64800e-01     3.61792e-02     9.12000e+04
    2.78205e+03     3.64132e-01     3.66272e-02     9.10330e+04
    2.78215e+03     3.66364e-01     3.59520e-02     9.15910e+04
    2.78225e+03     3.67264e-01     3.66304e-02     9.18160e+04
    2.78235e+03     3.66684e-01     3.64608e-02     9.16710e+04
    2.78245e+03     3.65548e-01     3.61664e-02     9.13870e+04
    2.78255e+03     3.66876e-01     3.68704e-02     9.17190e+04
    2.78265e+03     3.68744e-01     3.64800e-02     9.21860e+04
    2.78275e+03     3.66744e-01     3.64928e-02     9.16860e+04
    2.78285e+03     3.67908e-01     3.69152e-02     9.19770e+04
    2.78295e+03     3.67828e-01     3.72416e-02     9.19570e+04
    2.78305e+03     3.67260e-01     3.64736e-02     9.18150e+04
    2.78315e+03     3.64964e-01     3.65472e-02     9.12410e+04
    2.78325e+03     3.65368e-01     3.67264e-02     9.13420e+04
    2.78335e+03     3.65844e-01     3.69280e-02     9.14610e+04
    2.78345e+03     3.67240e-01     3.65888e-02     9.18100e+04
    2.78355e+03     3.66584e-01     3.66048e-02     9.16460e+04
    2.78365e+03     3.67940e-01     3.63232e-02     9.19850e+04
    2.78375e+03     3.66772e-01     3.72640e-02     9.16930e+04
    2.78385e+03     3.66716e-01     3.66720e-02     9.16790e+04
    2.78395e+03     3.66668e-01     3.56672e-02     9.16670e+04
    2.78405e+03     3.66488e-01     3.72832e-02     9.16220e+04
    2.78415e+03     3.66116e-01     3.68992e-02     9.15290e+04
    2.78425e+03     3.67036e-01     3.63872e-02     9.17590e+04
    2.78435e+03     3.65732e-01     3.68128e-02     9.14330e+04
    2.78445e+03     3.68920e-01     3.74560e-02     9.22300e+04
    2.78455e+03     3.64936e-01     3.67456e-02     9.12340e+04
    2.78465e+03     3.68068e-01     3.68576e-02     9.20170e+04
    2.78475e+03     3.66408e-01     3.64064e-02     9.16020e+04
    2.78485e+03     3.69320e-01     3.69152e-02     9.23300e+04
    2.78495e+03     3.66604e-01     3.64096e-02     9.16510e+04
    2.78505e+03     3.62948e-01     3.63200e-02     9.07370e+04
    2.78515e+03     3.68648e-01     3.67520e-02     9.21620e+04
    2.78525e+03     3.63968e-01     3.59072e-02     9.09920e+04
    2.78535e+03     3.66968e-01     3.64736e-02     9.17420e+04
    2.78545e+03     3.64700e-01     3.69440e-02     9.11750e+04
    2.78555e+03     3.65716e-01     3.62528e-02     9.14290e+04
    2.78565e+03     3.64380e-01     3.59616e-02     9.10950e+04
    2.78575e+03     3.66332e-01     3.73344e-02     9.15830e+04
    2.78585e+03     3.67368e-01     3.72384e-02     9.18420e+04
    2.78595e+03     3.64904e-01     3.65184e-02     9.12260e+04
    2.78605e+03     3.68780e-01     3.62912e-02     9.21950e+04
    2.78615e+03     3.65092e-01     3.67008e-02     9.12730e+04
    2.78625e+03     3.65044e-01     3.64128e-02     9.12610e+04
    2.78635e+03     3.66156e-01     3.65312e-02     9.15390e+04
    2.78645e+03     3.66436e-01     3.67968e-02     9.16090e+04
    2.78655e+03     3.65880e-01     3.64160e-02     9.14700e+04
    2.78665e+03     3.66224e-01     3.68000e-02     9.15560e+04
    2.78675e+03     3.64536e-01     3.62528e-02     9.11340e+04
    2.78685e+03     3.64504e-01     3.62656e-02     9.11260e+04
    2.78695e+03     3.60352e-01     3.60320e-02     9.00880e+04
    2.78705e+03     3.47720e-01     3.50464e-02     8.69300e+04
    2.78715e+03     3.32404e-01     3.31008e-02     8.31010e+04
    2.78725e+03     3.26240e-01     3.28256e-02     8.15600e+04
    2.78735e+03     3.23200e-01     3.21408e-02     8.08000e+04
    2.78745e+03     3.24052e-01     3.23168e-02     8.10130e+04
    2.78755e+03     3.24976e-01     3.21792e-02     8.12440e+04
    2.78765e+03     3.21468e-01     3.24032e-02     8.03670e+04
    2.78775e+03     3.19576e-01     3.19776e-02     7.98940e+04
    2.78785e+03     3.20252e-01     3.14240e-02     8.00630e+04
    2.78795e+03     3.16104e-01     3.13632e-02     7.90260e+04
    2.78805e+03     3.18364e-01     3.11712e-02     7.95910e+04
    2.78815e+03     3.18480e-01     3.10176e-02     7.96200e+04
    2.78825e+03     3.17544e-01     3.14464e-02     7.93860e+04
    2.78835e+03     3.17788e-01     3.12160e-02     7.94470e+04
    2.78845e+03     3.13916e-01     3.13056e-02     7.84790e+04
    2.78855e+03     3.15012e-01     3.12928e-02     7.87530e+04
    2.78865e+03     3.11408e-01     3.11136e-02     7.78520e+04
    2.78875e+03     3.10636e-01     3.02208e-02     7.76590e+04
    2.78885e+03     3.11300e-01     3.03520e-02     7.78250e+04
    2.78895e+03     3.08708e-01     3.02368e-02     7.71770e+04
    2.78905e+03     3.06388e-01     3.05568e-02     7.65970e+04
    2.78915e+03     3.08520e-01     3.03232e-02     7.71300e+04
    2.78925e+03     3.06832e-01     2.98432e-02     7.67080e+04
    2.78935e+03     3.06512e-01     2.96384e-02     7.66280e+04
    2.78945e+03     3.03720e-01     2.95840e-02     7.59300e+04
    2.78955e+03     3.02092e-01     3.00096e-02     7.55230e+04
    2.78965e+03     2.99452e-01     2.92832e-02     7.48630e+04
    2.78975e+03     2.98868e-01     2.89184e-02     7.47170e+04
    2.78985e+03     2.97436e-01     2.88800e-02     7.43590e+04
    2.78995e+03     2.95304e-01     2.82880e-02     7.38260e+04
    2.79005e+03     2.92428e-01     2.81952e-02     7.31070e+04
    2.79015e+03     2.92704e-01     2.77824e-02     7.31760e+04
    2.79025e+03     2.91020e-01     2.74208e-02     7.27550e+04
    2.79035e+03     2.88664e-01     2.74496e-02     7.21660e+04
    2.79045e+03     2.86800e-01     2.65856e-02     7.17000e+04
    2.79055e+03     2.84104e-01     2.69152e-02     7.10260e+04
    2.79065e+03     2.82640e-01     2.68160e-02     7.06600e+04
    2.79075e+03     2.80740e-01     2.59936e-02     7.01850e+04
    2.79085e+03     2.76636e-01     2.58592e-02     6.91590e+04
    2.79095e+03     2.75800e-01     2.58880e-02     6.89500e+04
    2.79105e+03     2.74368e-01     2.51296e-02     6.85920e+04
    2.79115e+03     2.70084e-01     2.43936e-02     6.75210e+04
    2.79125e+03     2.68592e-01     2.47040e-02     6.71480e+04
    2.79135e+03     2.65384e-01     2.42880e-02     6.63460e+04
    2.79145e+03     2.62084e-01     2.36512e-02     6.55210e+04
    2.79155e+03     2.58760e-01     2.33248e-02     6.46900e+04
    2.79165e+03     2.55220e-01     2.33376e-02     6.38050e+04
    2.79175e+03     2.51280e-01     2.22272e-02     6.28200e+04
    2.79185e+03     2.49804e-01     2.16736e-02     6.24510e+04
    2.79195e+03     2.45884e-01     2.12192e-02     6.14710e+04
    2.79205e+03     2.40196e-01     2.04608e-02     6.00490e+04
    2.79215e+03     2.37688e-01     2.00640e-02     5.94220e+04
    2.79225e+03     2.35096e-01     1.93792e-02     5.87740e+04
    2.79235e+03     2.30260e-01     1.87104e-02     5.75650e+04
    2.79245e+03     2.25776e-01     1.80256e-02     5.64440e+04
    2.79255e+03     2.22156e-01     1.73568e-02     5.55390e+04
    2.79265e+03     2.17280e-01     1.69632e-02     5.43200e+04
    2.79275e+03     2.13300e-01     1.64800e-02     5.33250e+04
    2.79285e+03     2.07988e-01     1.54048e-02     5.19970e+04
    2.79295e+03     2.03356e-01     1.45504e-02     5.08390e+04
    2.79305e+03     1.98468e-01     1.37120e-02     4.96170e+04
    2.79315e+03     1.92004e-01     1.29376e-02     4.80010e+04
    2.79325e+03     1.87120e-01     1.23584e-02     4.67800e+04
    2.79335e+03     1.82784e-01     1.15264e-02     4.56960e+04
    2.79345e+03     1.78852e-01     1.07552e-02     4.47130e+04
    2.79355e+03     1.73432e-01     9.63520e-03     4.33580e+04
    2.79365e+03     1.67944e-01     8.81280e-03     4.19860e+04
    2.79375e+03     1.62708e-01     7.52960e-03     4.06770e+04
    2.79385e+03     1.57536e-01     6.63040e-03     3.93840e+04
    2.79395e+03     1.53996e-01     5.98080e-03     3.84990e+04
    2.79405e+03     1.51352e-01     4.87360e-03     3.78380e+04
    2.79415e+03     1.47820e-01     4.18240e-03     3.69550e+04
    2.79425e+03     1.44812e-01     3.16160e-03     3.62030e+04
    2.79435e+03     1.41444e-01     2.64960e-03     3.53610e+04
    2.79445e+03     1.42164e-01     1.85920e-03     3.55410e+04
    2.79455e+03     1.42340e-01     1.28000e-03     3.55850e+04
    2.79465e+03     1.42008e-01     9.12000e-04     3.55020e+04
    2.79475e+03     1.45328e-01     5.15200e-04     3.63320e+04
    2.79485e+03     1.51240e-01     3.16800e-04     3.78100e+04
    2.79495e+03     1.54788e-01     1.76000e-04     3.86970e+04
    2.79505e+03     1.62980e-01     4.48000e-05     4.07450e+04
    2.79515e+03     1.68160e-01     2.24000e-05     4.20400e+04
    2.79525e+03     1.75840e-01     3.20000e-06     4.39600e+04
    2.79535e+03     1.84436e-01     0.00000e+00     4.61090e+04
    2.79545e+03     1.92084e-01     0.00000e+00     4.80210e+04
    2.79555e+03     2.00804e-01     0.00000e+00     5.02010e+04
    2.79565e+03     2.08368e-01     0.00000e+00     5.20920e+04
    2.79575e+03     2.18080e-01     0.00000e+00     5.45200e+04
    2.79585e+03     2.27244e-01     0.00000e+00     5.68110e+04
    2.79595e+03     2.39496e-01     1.60000e-05     5.98740e+04
    2.79605e+03     2.83884e-01     2.61760e-03     7.09710e+04
    2.79615e+03     4.48548e-01     1.64288e-02     1.12137e+05
    2.79625e+03     5.37320e-01     2.49696e-02     1.34330e+05
    2.79635e+03     5.69684e-01     2.76192e-02     1.42421e+05
    2.79645e+03     6.06424e-01     2.91552e-02     1.51606e+05
    2.79655e+03     6.58868e-01     2.99584e-02     1.64717e+05
    2.79665e+03     6.98096e-01     3.05536e-02     1.74524e+05
    2.79675e+03     6.97132e-01     3.05216e-02     1.74283e+05
    2.79685e+03     6.55596e-01     3.03552e-02     1.63899e+05
    2.79695e+03     6.05804e-01     3.07552e-02     1.51451e+05
    2.79705e+03     5.59932e-01     3.09408e-02     1.39983e+05
    2.79715e+03     5.24876e-01     3.15264e-02     1.31219e+05
    2.79725e+03     5.01840e-01     3.14976e-02     1.25460e+05
    2.79735e+03     4.90628e-01     3.16352e-02     1.22657e+05
    2.79745e+03     4.75604e-01     3.10336e-02     1.18901e+05
    2.79755e+03     4.62096e-01     3.06720e-02     1.15524e+05
    2.79765e+03     4.49640e-01     3.08640e-02     1.12410e+05
    2.79775e+03     4.41292e-01     3.13856e-02     1.10323e+05
    2.79785e+03     4.33516e-01     3.07936e-02     1.08379e+05
    2.79795e+03     4.23560e-01     3.04544e-02     1.05890e+05
    2.79805e+03     4.18932e-01     3.02784e-02     1.04733e+05
    2.79815e+03     4.08112e-01     3.00160e-02     1.02028e+05
    2.79825e+03     4.02332e-01     3.00128e-02     1.00583e+05
    2.79835e+03     3.96296e-01     3.01152e-02     9.90740e+04
    2.79845e+03     3.86084e-01     2.92576e-02     9.65210e+04
    2.79855e+03     3.82152e-01     2.96224e-02     9.55380e+04
    2.79865e+03     3.74152e-01     2.91392e-02     9.35380e+04
    2.79875e+03     3.70456e-01     2.93760e-02     9.26140e+04
    2.79885e+03     3.63608e-01     2.87104e-02     9.09020e+04
    2.79895e+03     3.58024e-01     2.82528e-02     8.95060e+04
    2.79905e+03     3.52612e-01     2.82784e-02     8.81530e+04
    2.79915e+03     3.47132e-01     2.76032e-02     8.67830e+04
    2.79925e+03     3.40592e-01     2.71392e-02     8.51480e+04
    2.79935e+03     3.36544e-01     2.68128e-02     8.41360e+04
    2.79945e+03     3.31344e-01     2.65536e-02     8.28360e+04
    2.79955e+03     3.26464e-01     2.65280e-02     8.16160e+04
    2.79965e+03     3.21832e-01     2.53728e-02     8.04580e+04
    2.79975e+03     3.14656e-01     2.53376e-02     7.86640e+04
    2.79985e+03     3.12040e-01     2.48800e-02     7.80100e+04
    2.79995e+03     3.05624e-01     2.46176e-02     7.64060e+04
    2.80005e+03     2.99664e-01     2.33568e-02     7.49160e+04
    2.80015e+03     2.94184e-01     2.27872e-02     7.35460e+04
    2.80025e+03     2.88272e-01     2.22816e-02     7.20680e+04
    2.80035e+03     2.83668e-01     2.20768e-02     7.09170e+04
    2.80045e+03     2.76448e-01     2.07488e-02     6.91120e+04
    2.80055e+03     2.68712e-01     1.99296e-02     6.71780e+04
    2.80065e+03     2.62376e-01     1.92384e-02     6.55940e+04
    2.80075e+03     2.54648e-01     1.86176e-02     6.36620e+04
    2.80085e+03     2.49768e-01     1.75968e-02     6.24420e+04
    2.80095e+03     2.41876e-01     1.70240e-02     6.04690e+04
    2.80105e+03     2.33520e-01     1.57760e-02     5.83800e+04
    2.80115e+03     2.24776e-01     1.45280e-02     5.61940e+04
    2.80125e+03     2.17688e-01     1.29632e-02     5.44220e+04
    2.80135e+03     2.08480e-01     1.20128e-02     5.21200e+04
    2.80145e+03     1.99668e-01     1.08128e-02     4.99170e+04
    2.80155e+03     1.91248e-01     9.45600e-03     4.78120e+04
    2.80165e+03     1.85400e-01     8.15360e-03     4.63500e+04
    2.80175e+03     1.77944e-01     6.90560e-03     4.44860e+04
    2.80185e+03     1.70884e-01     5.60640e-03     4.27210e+04
    2.80195e+03     1.65664e-01     4.45440e-03     4.14160e+04
    2.80205e+03     1.61216e-01     3.26080e-03     4.03040e+04
    2.80215e+03     1.59732e-01     2.19520e-03     3.99330e+04
    2.80225e+03     1.59540e-01     1.49120e-03     3.98850e+04
    2.80235e+03     1.62244e-01     7.45600e-04     4.05610e+04
    2.80245e+03     1.65664e-01     3.74400e-04     4.14160e+04
    2.80255e+03     1.72680e-01     1.50400e-04     4.31700e+04
    2.80265e+03     1.81464e-01     3.20000e-05     4.53660e+04
    2.80275e+03     1.89868e-01     6.40000e-06     4.74670e+04
    2.80285e+03     2.00496e-01     0.00000e+00     5.01240e+04
    2.80295e+03     2.10072e-01     0.00000e+00     5.25180e+04
    2.80305e+03     2.24364e-01     9.60000e-06     5.60910e+04
    2.80315e+03     2.53592e-01     9.88800e-04     6.33980e+04
    2.80325e+03     4.01768e-01     1.26784e-02     1.00442e+05
    2.80335e+03     5.55516e-01     2.78176e-02     1.38879e+05
    2.80345e+03     5.99292e-01     3.18592e-02     1.49823e+05
    2.80355e+03     6.11024e-01     3.37152e-02     1.52756e+05
    2.80365e+03     6.43952e-01     3.46240e-02     1.60988e+05
    2.80375e+03     6.84820e-01     3.50272e-02     1.71205e+05
    2.80385e+03     7.15040e-01     3.61344e-02     1.78760e+05
    2.80395e+03     7.03552e-01     3.62304e-02     1.75888e+05
    2.80405e+03     6.55104e-01     3.61760e-02     1.63776e+05
    2.80415e+03     5.96100e-01     3.50208e-02     1.49025e+05
    2.80425e+03     5.55908e-01     3.56512e-02     1.38977e+05
    2.80435e+03     5.24684e-01     3.56832e-02     1.31171e+05
    2.80445e+03     5.11604e-01     3.62432e-02     1.27901e+05
    2.80455e+03     4.96472e-01     3.61216e-02     1.24118e+05
    2.80465e+03     4.85060e-01     3.60960e-02     1.21265e+05
    2.80475e+03     4.74948e-01     3.63808e-02     1.18737e+05
    2.80485e+03     4.65520e-01     3.59040e-02     1.16380e+05
    2.80495e+03     4.58980e-01     3.60608e-02     1.14745e+05
    2.80505e+03     4.49396e-01     3.58752e-02     1.12349e+05
    2.80515e+03     4.42300e-01     3.62368e-02     1.10575e+05
    2.80525e+03     4.39692e-01     3.68864e-02     1.09923e+05
    2.80535e+03     4.33168e-01     3.68320e-02     1.08292e+05
    2.80545e+03     4.28120e-01     3.67584e-02     1.07030e+05
    2.80555e+03     4.24812e-01     3.66848e-02     1.06203e+05
    2.80565e+03     4.21480e-01     3.64832e-02     1.05370e+05
    2.80575e+03     4.15684e-01     3.68800e-02     1.03921e+05
    2.80585e+03     4.12132e-01     3.67904e-02     1.03033e+05
    2.80595e+03     4.10520e-01     3.64320e-02     1.02630e+05
    2.80605e+03     4.10696e-01     3.64736e-02     1.02674e+05
    2.80615e+03     4.04652e-01     3.62112e-02     1.01163e+05
    2.80625e+03     4.05120e-01     3.64960e-02     1.01280e+05
    2.80635e+03     4.02304e-01     3.59968e-02     1.00576e+05
    2.80645e+03     4.00920e-01     3.65312e-02     1.00230e+05
    2.80655e+03     3.99044e-01     3.66432e-02     9.97610e+04
    2.80665e+03     3.96940e-01     3.68288e-02     9.92350e+04
    2.80675e+03     3.93752e-01     3.63744e-02     9.84380e+04
    2.80685e+03     3.95188e-01     3.63552e-02     9.87970e+04
    2.80695e+03     3.91988e-01     3.67136e-02     9.79970e+04
    2.80705e+03     3.92672e-01     3.64512e-02     9.81680e+04
    2.80715e+03     3.88164e-01     3.62976e-02     9.70410e+04
    2.80725e+03     3.88348e-01     3.64864e-02     9.70870e+04
    2.80735e+03     3.85612e-01     3.65856e-02     9.64030e+04
    2.80745e+03     3.87176e-01     3.62784e-02     9.67940e+04
    2.80755e+03     3.84304e-01     3.66624e-02     9.60760e+04
    2.80765e+03     3.85272e-01     3.65184e-02     9.63180e+04
    2.80775e+03     3.82968e-01     3.68608e-02     9.57420e+04
    2.80785e+03     3.82140e-01     3.66688e-02     9.55350e+04
    2.80795e+03     3.81276e-01     3.74080e-02     9.53190e+04
    2.80805e+03     3.81076e-01     3.66176e-02     9.52690e+04
    2.80815e+03     3.81936e-01     3.65888e-02     9.54840e+04
    2.80825e+03     3.80096e-01     3.69760e-02     9.50240e+04
    2.80835e+03     3.78384e-01     3.67104e-02     9.45960e+04
    2.80845e+03     3.77508e-01     3.72256e-02     9.43770e+04
    2.80855e+03     3.75224e-01     3.70016e-02     9.38060e+04
    2.80865e+03     3.78136e-01     3.68192e-02     9.45340e+04
    2.80875e+03     3.75888e-01     3.67776e-02     9.39720e+04
    2.80885e+03     3.76424e-01     3.64704e-02     9.41060e+04
    2.80895e+03     3.74832e-01     3.66272e-02     9.37080e+04
    2.80905e+03     3.73964e-01     3.70112e-02     9.34910e+04
    2.80915e+03     3.75044e-01     3.66336e-02     9.37610e+04
    2.80925e+03     3.74440e-01     3.72032e-02     9.36100e+04
    2.80935e+03     3.72680e-01     3.65280e-02     9.31700e+04
    2.80945e+03     3.71376e-01     3.67904e-02     9.28440e+04
    2.80955e+03     3.74776e-01     3.67008e-02     9.36940e+04
    2.80965e+03     3.73560e-01     3.64192e-02     9.33900e+04
    2.80975e+03     3.69060e-01     3.69088e-02     9.22650e+04
    2.80985e+03     3.70308e-01     3.71104e-02     9.25770e+04
    2.80995e+03     3.71224e-01     3.65792e-02     9.28060e+04
    2.81005e+03     3.70684e-01     3.60224e-02     9.26710e+04
    2.81015e+03     3.70420e-01     3.64864e-02     9.26050e+04
    2.81025e+03     3.69752e-01     3.71680e-02     9.24380e+04
    2.81035e+03     3.69972e-01     3.65504e-02     9.24930e+04
    2.81045e+03     3.69460e-01     3.62880e-02     9.23650e+04
    2.81055e+03     3.70536e-01     3.65984e-02     9.26340e+04
    2.81065e+03     3.68472e-01     3.68608e-02     9.21180e+04
    2.81075e+03     3.67688e-01     3.66368e-02     9.19220e+04
    2.81085e+03     3.69404e-01     3.71776e-02     9.23510e+04
    2.81095e+03     3.65544e-01     3.62368e-02     9.13860e+04
    2.81105e+03     3.66128e-01     3.69152e-02     9.15320e+04
    2.81115e+03     3.66824e-01     3.66848e-02     9.17060e+04
    2.81125e+03     3.67944e-01     3.65152e-02     9.19860e+04
    2.81135e+03     3.67532e-01     3.66144e-02     9.18830e+04
    2.81145e+03     3.67928e-01     3.69216e-02     9.19820e+04
    2.81155e+03     3.64752e-01     3.61984e-02     9.11880e+04
    2.81165e+03     3.66608e-01     3.62272e-02     9.16520e+04
    2.81175e+03     3.68388e-01     3.69792e-02     9.20970e+04
    2.81185e+03     3.65356e-01     3.69696e-02     9.13390e+04
    2.81195e+03     3.64008e-01     3.61856e-02     9.10020e+04
    2.81205e+03     3.64360e-01     3.62720e-02     9.10900e+04
    2.81215e+03     3.67196e-01     3.64000e-02     9.17990e+04
    2.81225e+03     3.65668e-01     3.62304e-02     9.14170e+04
    2.81235e+03     3.66108e-01     3.68128e-02     9.15270e+04
    2.81245e+03     3.67024e-01     3.66048e-02     9.17560e+04
    2.81255e+03     3.66368e-01     3.69696e-02     9.15920e+04
    2.81265e+03     3.64504e-01     3.64352e-02     9.11260e+04
    2.81275e+03     3.66704e-01     3.72288e-02     9.16760e+04
    2.81285e+03     3.65468e-01     3.67264e-02     9.13670e+04
    2.81295e+03     3.68508e-01     3.72352e-02     9.21270e+04
    2.81305e+03     3.66936e-01     3.67072e-02     9.17340e+04
    2.81315e+03     3.69080e-01     3.77568e-02     9.22700e+04
    2.81325e+03     3.66476e-01     3.72576e-02     9.16190e+04
    2.81335e+03     3.64708e-01     3.66336e-02     9.11770e+04
    2.81345e+03     3.66428e-01     3.70240e-02     9.16070e+04
    2.81355e+03     3.67036e-01     3.72352e-02     9.17590e+04
    2.81365e+03     3.66472e-01     3.64672e-02     9.16180e+04
    2.81375e+03     3.63776e-01     3.62912e-02     9.09440e+04
    2.81385e+03     3.64124e-01     3.62976e-02     9.10310e+04
    2.81395e+03     3.65548e-01     3.65760e-02     9.13870e+04
    2.81405e+03     3.66728e-01     3.62560e-02     9.16820e+04
    2.81415e+03     3.66656e-01     3.66624e-02     9.16640e+04
    2.81425e+03     3.68236e-01     3.69376e-02     9.20590e+04
    2.81435e+03     3.68668e-01     3.72256e-02     9.21670e+04
    2.81445e+03     3.68196e-01     3.67584e-02     9.20490e+04
    2.81455e+03     3.67652e-01     3.70048e-02     9.19130e+04
    2.81465e+03     3.68008e-01     3.71616e-02     9.20020e+04
    2.81475e+03     3.68240e-01     3.62592e-02     9.20600e+04
    2.81485e+03     3.67320e-01     3.65824e-02     9.18300e+04
    2.81495e+03     3.67648e-01     3.68608e-02     9.19120e+04
    2.81505e+03     3.67564e-01     3.64992e-02     9.18910e+04
    2.81515e+03     3.66616e-01     3.64032e-02     9.16540e+04
    2.81525e+03     3.68692e-01     3.67264e-02     9.21730e+04
    2.81535e+03     3.65328e-01     3.66592e-02     9.13320e+04
    2.81545e+03     3.66484e-01     3.66560e-02     9.16210e+04
    2.81555e+03     3.67388e-01     3.73600e-02     9.18470e+04
    2.81565e+03     3.64588e-01     3.64768e-02     9.11470e+04
    2.81575e+03     3.65052e-01     3.68800e-02     9.12630e+04
    2.81585e+03     3.68132e-01     3.71904e-02     9.20330e+04
    2.81595e+03     3.68272e-01     3.66080e-02     9.20680e+04
    2.81605e+03     3.66952e-01     3.64576e-02     9.17380e+04
    2.81615e+03     3.67636e-01     3.66048e-02     9.19090e+04
    2.81625e+03     3.65092e-01     3.65728e-02     9.12730e+04
    2.81635e+03     3.68252e-01     3.67232e-02     9.20630e+04
    2.81645e+03     3.64084e-01     3.67200e-02     9.10210e+04
    2.81655e+03     3.68280e-01     3.69056e-02     9.20700e+04
    2.81665e+03     3.66560e-01     3.68096e-02     9.16400e+04
    2.81675e+03     3.66516e-01     3.67232e-02     9.16290e+04
    2.81685e+03     3.64572e-01     3.67008e-02     9.11430e+04
    2.81695e+03     3.66796e-01     3.62976e-02     9.16990e+04
    2.81705e+03     3.65572e-01     3.67520e-02     9.13930e+04
    2.81715e+03     3.68056e-01     3.69408e-02     9.20140e+04
    2.81725e+03     3.67020e-01     3.73120e-02     9.17550e+04
    2.81735e+03     3.66424e-01     3.61760e-02     9.16060e+04
    2.81745e+03     3.66780e-01     3.68736e-02     9.16950e+04
    2.81755e+03     3.67016e-01     3.66336e-02     9.17540e+04
    2.81765e+03     3.67508e-01     3.67520e-02     9.18770e+04
    2.81775e+03     3.66228e-01     3.68128e-02     9.15570e+04
    2.81785e+03     3.68112e-01     3.69088e-02     9.20280e+04
    2.81795e+03     3.64780e-01     3.65024e-02     9.11950e+04
    2.81805e+03     3.67268e-01     3.76480e-02     9.18170e+04
    2.81815e+03     3.65572e-01     3.63232e-02     9.13930e+04
    2.81825e+03     3.67212e-01     3.66624e-02     9.18030e+04
    2.81835e+03     3.68684e-01     3.62048e-02     9.21710e+04
    2.81845e+03     3.65752e-01     3.64896e-02     9.14380e+04
    2.81855e+03     3.66508e-01     3.65920e-02     9.16270e+04
    2.81865e+03     3.66816e-01     3.67776e-02     9.17040e+04
    2.81875e+03     3.66096e-01     3.70016e-02     9.15240e+04
    2.81885e+03     3.63744e-01     3.66368e-02     9.09360e+04
    2.81895e+03     3.66884e-01     3.61792e-02     9.17210e+04
    2.81905e+03     3.66368e-01     3.63552e-02     9.15920e+04
    2.81915e+03     3.66584e-01     3.65536e-02     9.16460e+04
    2.81925e+03     3.66680e-01     3.61472e-02     9.16700e+04
    2.81935e+03     3.67004e-01     3.64000e-02     9.17510e+04
    2.81945e+03     3.68104e-01     3.62816e-02     9.20260e+04
    2.81955e+03     3.68328e-01     3.65312e-02     9.20820e+04
    2.81965e+03     3.66064e-01     3.63296e-02     9.15160e+04
    2.81975e+03     3.67344e-01     3.61664e-02     9.18360e+04
    2.81985e+03     3.66020e-01     3.72064e-02     9.15050e+04
    2.81995e+03     3.69452e-01     3.69920e-02     9.23630e+04
