    2.78005e+03     4.95200e-02     5.07200e-03     2.47600e+03
    2.78015e+03     5.05800e-02     5.13600e-03     2.52900e+03
    2.78025e+03     4.96600e-02     4.94400e-03     2.48300e+03
    2.78035e+03     5.03800e-02     4.96000e-03     2.51900e+03
    2.78045e+03     5.11800e-02     5.28000e-03     2.55900e+03
    2.78055e+03     4.83400e-02     4.88000e-03     2.41700e+03
    2.78065e+03     4.91200e-02     5.05600e-03     2.45600e+03
    2.78075e+03     5.09400e-02     5.32800e-03     2.54700e+03
    2.78085e+03     4.81800e-02     4.52800e-03     2.40900e+03
    2.78095e+03     4.86600e-02     4.78400e-03     2.43300e+03
    2.78105e+03     5.19400e-02     4.97600e-03     2.59700e+03
    2.78115e+03     4.92400e-02     4.86400e-03     2.46200e+03
    2.78125e+03     4.83000e-02     4.75200e-03     2.41500e+03
    2.78135e+03     4.91200e-02     5.15200e-03     2.45600e+03
    2.78145e+03     4.91400e-02     5.05600e-03     2.45700e+03
    2.78155e+03     4.95800e-02     4.46400e-03     2.47900e+03
    2.78165e+03     4.83000e-02     4.88000e-03     2.41500e+03
    2.78175e+03     4.99800e-02     5.29600e-03     2.49900e+03
    2.78185e+03     4.92800e-02     5.05600e-03     2.46400e+03
    2.78195e+03     5.10200e-02     6.03200e-03     2.55100e+03
    2.78205e+03     4.90800e-02     4.94400e-03     2.45400e+03
    2.78215e+03     5.27800e-02     5.12000e-03     2.63900e+03
    2.78225e+03     5.05600e-02     5.00800e-03     2.52800e+03
    2.78235e+03     5.05000e-02     5.10400e-03     2.52500e+03
    2.78245e+03     4.91200e-02     4.88000e-03     2.45600e+03
    2.78255e+03     4.89000e-02     5.18400e-03     2.44500e+03
    2.78265e+03     5.08400e-02     5.00800e-03     2.54200e+03
    2.78275e+03     4.92200e-02     4.24000e-03     2.46100e+03
    2.78285e+03     4.77200e-02     4.68800e-03     2.38600e+03
    2.78295e+03     4.93800e-02     5.29600e-03     2.46900e+03
    2.78305e+03     4.99800e-02     5.04000e-03     2.49900e+03
    2.78315e+03     4.80000e-02     4.89600e-03     2.40000e+03
    2.78325e+03     4.96600e-02     4.43200e-03     2.48300e+03
    2.78335e+03     4.99600e-02     4.88000e-03     2.49800e+03
    2.78345e+03     4.90800e-02     5.23200e-03     2.45400e+03
    2.78355e+03     4.82200e-02     4.81600e-03     2.41100e+03
    2.78365e+03     4.92600e-02     5.10400e-03     2.46300e+03
    2.78375e+03     4.84400e-02     4.94400e-03     2.42200e+03
    2.78385e+03     4.94400e-02     4.83200e-03     2.47200e+03
    2.78395e+03     4.90800e-02     5.13600e-03     2.45400e+03
    2.78405e+03     5.01400e-02     5.56800e-03     2.50700e+03
    2.78415e+03     4.89600e-02     5.07200e-03     2.44800e+03
    2.78425e+03     4.84200e-02     4.62400e-03     2.42100e+03
    2.78435e+03     4.87400e-02     5.16800e-03     2.43700e+03
    2.78445e+03     4.95600e-02     5.24800e-03     2.47800e+03
    2.78455e+03     5.00600e-02     5.72800e-03     2.50300e+03
    2.78465e+03     4.96200e-02     4.65600e-03     2.48100e+03
    2.78475e+03     4.83400e-02     4.70400e-03     2.41700e+03
    2.78485e+03     4.83600e-02     4.72000e-03     2.41800e+03
    2.78495e+03     4.96400e-02     4.67200e-03     2.48200e+03
    2.78505e+03     4.84600e-02     4.32000e-03     2.42300e+03
    2.78515e+03     4.89000e-02     4.84800e-03     2.44500e+03
    2.78525e+03     5.04200e-02     5.45600e-03     2.52100e+03
    2.78535e+03     4.86200e-02     4.92800e-03     2.43100e+03
    2.78545e+03     4.87000e-02     4.49600e-03     2.43500e+03
    2.78555e+03     4.95600e-02     4.84800e-03     2.47800e+03
    2.78565e+03     4.68400e-02     4.92800e-03     2.34200e+03
    2.78575e+03     5.02000e-02     4.84800e-03     2.51000e+03
    2.78585e+03     4.90800e-02     5.15200e-03     2.45400e+03
    2.78595e+03     4.84600e-02     4.75200e-03     2.42300e+03
    2.78605e+03     5.00200e-02     4.76800e-03     2.50100e+03
    2.78615e+03     4.86800e-02     4.65600e-03     2.43400e+03
    2.78625e+03     4.94600e-02     4.89600e-03     2.47300e+03
    2.78635e+03     4.81000e-02     4.48000e-03     2.40500e+03
    2.78645e+03     5.07200e-02     4.89600e-03     2.53600e+03
    2.78655e+03     4.90000e-02     5.20000e-03     2.45000e+03
    2.78665e+03     4.92000e-02     5.00800e-03     2.46000e+03
    2.78675e+03     4.92400e-02     5.39200e-03     2.46200e+03
    2.78685e+03     4.84600e-02     4.76800e-03     2.42300e+03
    2.78695e+03     4.73800e-02     4.80000e-03     2.36900e+03
    2.78705e+03     4.68400e-02     4.49600e-03     2.34200e+03
    2.78715e+03     4.56200e-02     4.57600e-03     2.28100e+03
    2.78725e+03     4.38800e-02     4.51200e-03     2.19400e+03
    2.78735e+03     4.28600e-02     4.16000e-03     2.14300e+03
    2.78745e+03     4.35600e-02     4.51200e-03     2.17800e+03
    2.78755e+03     4.28800e-02     3.93600e-03     2.14400e+03
    2.78765e+03     4.33800e-02     4.19200e-03     2.16900e+03
    2.78775e+03     4.50000e-02     4.35200e-03     2.25000e+03
    2.78785e+03     4.35400e-02     4.36800e-03     2.17700e+03
    2.78795e+03     4.24600e-02     4.35200e-03     2.12300e+03
    2.78805e+03     4.24600e-02     4.24000e-03     2.12300e+03
    2.78815e+03     4.27600e-02     4.33600e-03     2.13800e+03
    2.78825e+03     4.44200e-02     4.51200e-03     2.22100e+03
    2.78835e+03     4.29800e-02     4.12800e-03     2.14900e+03
    2.78845e+03     4.29200e-02     4.46400e-03     2.14600e+03
    2.78855e+03     4.09400e-02     3.93600e-03     2.04700e+03
    2.78865e+03     4.25800e-02     4.49600e-03     2.12900e+03
    2.78875e+03     4.23800e-02     3.93600e-03     2.11900e+03
    2.78885e+03     4.16400e-02     3.50400e-03     2.08200e+03
    2.78895e+03     4.26800e-02     3.72800e-03     2.13400e+03
    2.78905e+03     4.14400e-02     4.08000e-03     2.07200e+03
    2.78915e+03     4.17400e-02     4.35200e-03     2.08700e+03
    2.78925e+03     4.31000e-02     4.68800e-03     2.15500e+03
    2.78935e+03     4.06600e-02     3.82400e-03     2.03300e+03
    2.78945e+03     4.05200e-02     3.87200e-03     2.02600e+03
    2.78955e+03     4.20400e-02     3.69600e-03     2.10200e+03
    2.78965e+03     4.04200e-02     4.00000e-03     2.02100e+03
    2.78975e+03     3.87600e-02     3.95200e-03     1.93800e+03
    2.78985e+03     4.04000e-02     4.00000e-03     2.02000e+03
    2.78995e+03     3.92800e-02     4.12800e-03     1.96400e+03
    2.79005e+03     3.97200e-02     4.48000e-03     1.98600e+03
    2.79015e+03     4.03800e-02     3.71200e-03     2.01900e+03
    2.79025e+03     3.98600e-02     3.87200e-03     1.99300e+03
    2.79035e+03     3.75400e-02     3.13600e-03     1.87700e+03
    2.79045e+03     3.68600e-02     3.52000e-03     1.84300e+03
    2.79055e+03     3.87200e-02     3.74400e-03     1.93600e+03
    2.79065e+03     3.79800e-02     3.07200e-03     1.89900e+03
    2.79075e+03     3.75600e-02     3.29600e-03     1.87800e+03
    2.79085e+03     3.62400e-02     3.71200e-03     1.81200e+03
    2.79095e+03     3.66000e-02     3.64800e-03     1.83000e+03
    2.79105e+03     3.75600e-02     3.29600e-03     1.87800e+03
    2.79115e+03     3.56600e-02     3.61600e-03     1.78300e+03
    2.79125e+03     3.43600e-02     3.13600e-03     1.71800e+03
    2.79135e+03     3.47400e-02     3.02400e-03     1.73700e+03
    2.79145e+03     3.58000e-02     3.16800e-03     1.79000e+03
    2.79155e+03     3.48800e-02     3.31200e-03     1.74400e+03
    2.79165e+03     3.53400e-02     3.08800e-03     1.76700e+03
    2.79175e+03     3.56000e-02     3.28000e-03     1.78000e+03
    2.79185e+03     3.42200e-02     2.86400e-03     1.71100e+03
    2.79195e+03     3.24000e-02     3.07200e-03     1.62000e+03
    2.79205e+03     3.22200e-02     2.59200e-03     1.61100e+03
    2.79215e+03     3.18000e-02     2.68800e-03     1.59000e+03
    2.79225e+03     3.12000e-02     2.49600e-03     1.56000e+03
    2.79235e+03     3.07800e-02     2.46400e-03     1.53900e+03
    2.79245e+03     3.10600e-02     2.09600e-03     1.55300e+03
    2.79255e+03     3.06200e-02     2.70400e-03     1.53100e+03
    2.79265e+03     2.89000e-02     2.33600e-03     1.44500e+03
    2.79275e+03     2.92600e-02     2.11200e-03     1.46300e+03
    2.79285e+03     2.85200e-02     2.41600e-03     1.42600e+03
    2.79295e+03     2.74400e-02     1.95200e-03     1.37200e+03
    2.79305e+03     2.70800e-02     2.09600e-03     1.35400e+03
    2.79315e+03     2.56800e-02     1.84000e-03     1.28400e+03
    2.79325e+03     2.46400e-02     1.79200e-03     1.23200e+03
    2.79335e+03     2.45000e-02     1.58400e-03     1.22500e+03
    2.79345e+03     2.37200e-02     1.60000e-03     1.18600e+03
    2.79355e+03     2.34000e-02     1.48800e-03     1.17000e+03
    2.79365e+03     2.28000e-02     1.28000e-03     1.14000e+03
    2.79375e+03     2.06400e-02     9.12000e-04     1.03200e+03
    2.79385e+03     2.13200e-02     8.96000e-04     1.06600e+03
    2.79395e+03     1.99000e-02     5.92000e-04     9.95000e+02
    2.79405e+03     2.00400e-02     6.72000e-04     1.00200e+03
    2.79415e+03     1.98200e-02     5.92000e-04     9.91000e+02
    2.79425e+03     1.75600e-02     4.80000e-04     8.78000e+02
    2.79435e+03     1.73600e-02     3.20000e-04     8.68000e+02
    2.79445e+03     1.77400e-02     1.44000e-04     8.87000e+02
    2.79455e+03     1.88600e-02     2.24000e-04     9.43000e+02
    2.79465e+03     1.89200e-02     1.12000e-04     9.46000e+02
    2.79475e+03     1.76200e-02     3.20000e-05     8.81000e+02
    2.79485e+03     1.91600e-02     6.40000e-05     9.58000e+02
    2.79495e+03     1.98800e-02     4.80000e-05     9.94000e+02
    2.79505e+03     1.84600e-02     0.00000e+00     9.23000e+02
    2.79515e+03     1.93200e-02     0.00000e+00     9.66000e+02
    2.79525e+03     2.14800e-02     0.00000e+00     1.07400e+03
    2.79535e+03     2.14800e-02     0.00000e+00     1.07400e+03
    2.79545e+03     2.26800e-02     0.00000e+00     1.13400e+03
    2.79555e+03     2.24200e-02     0.00000e+00     1.12100e+03
    2.79565e+03     2.27800e-02     0.00000e+00     1.13900e+03
    2.79575e+03     2.34000e-02     0.00000e+00     1.17000e+03
    2.79585e+03     2.27000e-02     0.00000e+00     1.13500e+03
    2.79595e+03     2.23600e-02     1.60000e-05     1.11800e+03
    2.79605e+03     2.78200e-02     2.56000e-04     1.39100e+03
    2.79615e+03     4.69400e-02     2.25600e-03     2.34700e+03
    2.79625e+03     6.21000e-02     3.50400e-03     3.10500e+03
    2.79635e+03     6.17800e-02     3.71200e-03     3.08900e+03
    2.79645e+03     6.40000e-02     3.61600e-03     3.20000e+03
    2.79655e+03     6.80400e-02     4.11200e-03     3.40200e+03
    2.79665e+03     7.06400e-02     4.08000e-03     3.53200e+03
    2.79675e+03     7.30200e-02     4.25600e-03     3.65100e+03
    2.79685e+03     6.89200e-02     4.08000e-03     3.44600e+03
    2.79695e+03     6.45600e-02     4.08000e-03     3.22800e+03
    2.79705e+03     6.00400e-02     3.82400e-03     3.00200e+03
    2.79715e+03     5.99400e-02     5.04000e-03     2.99700e+03
    2.79725e+03     5.78200e-02     4.36800e-03     2.89100e+03
    2.79735e+03     5.47800e-02     3.93600e-03     2.73900e+03
    2.79745e+03     5.51200e-02     4.17600e-03     2.75600e+03
    2.79755e+03     5.28000e-02     4.27200e-03     2.64000e+03
    2.79765e+03     5.46000e-02     4.51200e-03     2.73000e+03
    2.79775e+03     5.24000e-02     4.52800e-03     2.62000e+03
    2.79785e+03     5.12400e-02     3.93600e-03     2.56200e+03
    2.79795e+03     5.12200e-02     4.54400e-03     2.56100e+03
    2.79805e+03     5.00800e-02     3.85600e-03     2.50400e+03
    2.79815e+03     5.03600e-02     4.01600e-03     2.51800e+03
    2.79825e+03     5.05800e-02     4.20800e-03     2.52900e+03
    2.79835e+03     4.87000e-02     4.51200e-03     2.43500e+03
    2.79845e+03     4.83000e-02     3.92000e-03     2.41500e+03
    2.79855e+03     4.59600e-02     4.24000e-03     2.29800e+03
    2.79865e+03     4.57600e-02     3.88800e-03     2.28800e+03
    2.79875e+03     4.47600e-02     4.44800e-03     2.23800e+03
    2.79885e+03     4.59000e-02     4.09600e-03     2.29500e+03
    2.79895e+03     4.47800e-02     3.60000e-03     2.23900e+03
    2.79905e+03     4.50600e-02     3.69600e-03     2.25300e+03
    2.79915e+03     4.54800e-02     3.87200e-03     2.27400e+03
    2.79925e+03     4.36600e-02     3.64800e-03     2.18300e+03
    2.79935e+03     4.25800e-02     3.60000e-03     2.12900e+03
    2.79945e+03     4.14400e-02     3.63200e-03     2.07200e+03
    2.79955e+03     4.30000e-02     3.58400e-03     2.15000e+03
    2.79965e+03     3.94400e-02     3.45600e-03     1.97200e+03
    2.79975e+03     4.09200e-02     3.23200e-03     2.04600e+03
    2.79985e+03     3.83800e-02     3.39200e-03     1.91900e+03
    2.79995e+03     3.91000e-02     3.12000e-03     1.95500e+03
    2.80005e+03     4.07000e-02     3.37600e-03     2.03500e+03
    2.80015e+03     3.94400e-02     3.24800e-03     1.97200e+03
    2.80025e+03     3.67800e-02     2.89600e-03     1.83900e+03
    2.80035e+03     3.52400e-02     2.51200e-03     1.76200e+03
    2.80045e+03     3.57000e-02     2.65600e-03     1.78500e+03
    2.80055e+03     3.37000e-02     2.12800e-03     1.68500e+03
    2.80065e+03     3.47600e-02     2.59200e-03     1.73800e+03
    2.80075e+03     3.22200e-02     2.08000e-03     1.61100e+03
    2.80085e+03     3.05800e-02     1.96800e-03     1.52900e+03
    2.80095e+03     3.00400e-02     2.14400e-03     1.50200e+03
    2.80105e+03     2.89400e-02     2.06400e-03     1.44700e+03
    2.80115e+03     3.03600e-02     1.95200e-03     1.51800e+03
    2.80125e+03     2.80000e-02     1.87200e-03     1.40000e+03
    2.80135e+03     2.56800e-02     1.63200e-03     1.28400e+03
    2.80145e+03     2.68600e-02     1.55200e-03     1.34300e+03
    2.80155e+03     2.28400e-02     1.36000e-03     1.14200e+03
    2.80165e+03     2.35000e-02     9.28000e-04     1.17500e+03
    2.80175e+03     2.29200e-02     8.64000e-04     1.14600e+03
    2.80185e+03     2.13400e-02     9.28000e-04     1.06700e+03
    2.80195e+03     1.97400e-02     5.76000e-04     9.87000e+02
    2.80205e+03     2.05200e-02     3.68000e-04     1.02600e+03
    2.80215e+03     1.91000e-02     3.20000e-04     9.55000e+02
    2.80225e+03     1.80800e-02     2.40000e-04     9.04000e+02
    2.80235e+03     1.94400e-02     1.28000e-04     9.72000e+02
    2.80245e+03     1.92800e-02     1.28000e-04     9.64000e+02
    2.80255e+03     1.99600e-02     1.60000e-05     9.98000e+02
    2.80265e+03     1.93000e-02     0.00000e+00     9.65000e+02
    2.80275e+03     2.04600e-02     0.00000e+00     1.02300e+03
    2.80285e+03     2.02400e-02     0.00000e+00     1.01200e+03
    2.80295e+03     2.21200e-02     0.00000e+00     1.10600e+03
    2.80305e+03     2.15400e-02     0.00000e+00     1.07700e+03
    2.80315e+03     2.45000e-02     2.08000e-04     1.22500e+03
    2.80325e+03     4.21600e-02     1.68000e-03     2.10800e+03
    2.80335e+03     6.03000e-02     3.44000e-03     3.01500e+03
    2.80345e+03     6.71600e-02     4.54400e-03     3.35800e+03
    2.80355e+03     6.67600e-02     4.51200e-03     3.33800e+03
    2.80365e+03     6.88000e-02     4.22400e-03     3.44000e+03
    2.80375e+03     7.12000e-02     5.13600e-03     3.56000e+03
    2.80385e+03     7.34000e-02     4.92800e-03     3.67000e+03
    2.80395e+03     7.29200e-02     4.88000e-03     3.64600e+03
    2.80405e+03     6.86000e-02     4.16000e-03     3.43000e+03
    2.80415e+03     6.54400e-02     4.86400e-03     3.27200e+03
    2.80425e+03     6.09600e-02     5.08800e-03     3.04800e+03
    2.80435e+03     6.09400e-02     5.00800e-03     3.04700e+03
    2.80445e+03     5.77600e-02     4.99200e-03     2.88800e+03
    2.80455e+03     5.67200e-02     4.40000e-03     2.83600e+03
    2.80465e+03     5.61000e-02     4.73600e-03     2.80500e+03
    2.80475e+03     5.40000e-02     4.65600e-03     2.70000e+03
    2.80485e+03     5.69800e-02     4.81600e-03     2.84900e+03
    2.80495e+03     5.35400e-02     4.78400e-03     2.67700e+03
    2.80505e+03     5.51800e-02     4.65600e-03     2.75900e+03
    2.80515e+03     5.43600e-02     5.10400e-03     2.71800e+03
    2.80525e+03     5.43000e-02     4.88000e-03     2.71500e+03
    2.80535e+03     5.23000e-02     4.70400e-03     2.61500e+03
    2.80545e+03     5.26600e-02     4.80000e-03     2.63300e+03
    2.80555e+03     5.09000e-02     4.81600e-03     2.54500e+03
    2.80565e+03     5.45600e-02     4.99200e-03     2.72800e+03
    2.80575e+03     5.28800e-02     4.56000e-03     2.64400e+03
    2.80585e+03     5.30600e-02     5.10400e-03     2.65300e+03
    2.80595e+03     5.34800e-02     4.89600e-03     2.67400e+03
    2.80605e+03     5.15200e-02     4.84800e-03     2.57600e+03
    2.80615e+03     5.29200e-02     4.89600e-03     2.64600e+03
    2.80625e+03     5.05600e-02     4.73600e-03     2.52800e+03
    2.80635e+03     5.08800e-02     5.26400e-03     2.54400e+03
    2.80645e+03     4.98400e-02     5.05600e-03     2.49200e+03
    2.80655e+03     5.17000e-02     5.26400e-03     2.58500e+03
    2.80665e+03     5.20200e-02     4.86400e-03     2.60100e+03
    2.80675e+03     5.13800e-02     4.78400e-03     2.56900e+03
    2.80685e+03     5.05000e-02     4.91200e-03     2.52500e+03
    2.80695e+03     5.03000e-02     5.04000e-03     2.51500e+03
    2.80705e+03     5.11800e-02     5.18400e-03     2.55900e+03
    2.80715e+03     5.16400e-02     5.10400e-03     2.58200e+03
    2.80725e+03     5.17000e-02     4.86400e-03     2.58500e+03
    2.80735e+03     5.15800e-02     5.12000e-03     2.57900e+03
    2.80745e+03     5.06000e-02     4.54400e-03     2.53000e+03
    2.80755e+03     4.85600e-02     4.20800e-03     2.42800e+03
    2.80765e+03     5.32000e-02     5.34400e-03     2.66000e+03
    2.80775e+03     5.13600e-02     5.79200e-03     2.56800e+03
    2.80785e+03     5.00600e-02     5.08800e-03     2.50300e+03
    2.80795e+03     5.02000e-02     5.28000e-03     2.51000e+03
    2.80805e+03     5.17600e-02     5.29600e-03     2.58800e+03
    2.80815e+03     4.97600e-02     4.57600e-03     2.48800e+03
    2.80825e+03     5.18000e-02     5.00800e-03     2.59000e+03
    2.80835e+03     5.00000e-02     4.92800e-03     2.50000e+03
    2.80845e+03     4.77400e-02     5.04000e-03     2.38700e+03
    2.80855e+03     4.93000e-02     5.26400e-03     2.46500e+03
    2.80865e+03     4.90200e-02     4.57600e-03     2.45100e+03
    2.80875e+03     4.99000e-02     4.89600e-03     2.49500e+03
    2.80885e+03     4.96000e-02     5.15200e-03     2.48000e+03
    2.80895e+03     5.02200e-02     4.83200e-03     2.51100e+03
    2.80905e+03     4.92400e-02     4.52800e-03     2.46200e+03
    2.80915e+03     5.02000e-02     5.00800e-03     2.51000e+03
    2.80925e+03     5.04200e-02     5.10400e-03     2.52100e+03
    2.80935e+03     5.04400e-02     4.81600e-03     2.52200e+03
    2.80945e+03     4.98800e-02     5.02400e-03     2.49400e+03
    2.80955e+03     5.04400e-02     5.16800e-03     2.52200e+03
    2.80965e+03     5.00600e-02     4.52800e-03     2.50300e+03
    2.80975e+03     4.91200e-02     4.83200e-03     2.45600e+03
    2.80985e+03     4.81800e-02     4.59200e-03     2.40900e+03
    2.80995e+03     4.92400e-02     5.29600e-03     2.46200e+03
    2.81005e+03     4.91200e-02     5.53600e-03     2.45600e+03
    2.81015e+03     4.97600e-02     4.78400e-03     2.48800e+03
    2.81025e+03     4.90400e-02     4.81600e-03     2.45200e+03
    2.81035e+03     4.98600e-02     5.21600e-03     2.49300e+03
    2.81045e+03     4.91400e-02     4.83200e-03     2.45700e+03
    2.81055e+03     4.94400e-02     4.99200e-03     2.47200e+03
    2.81065e+03     4.92600e-02     4.84800e-03     2.46300e+03
    2.81075e+03     4.91000e-02     5.24800e-03     2.45500e+03
    2.81085e+03     4.80000e-02     4.80000e-03     2.40000e+03
    2.81095e+03     5.08000e-02     5.02400e-03     2.54000e+03
    2.81105e+03     4.91800e-02     5.12000e-03     2.45900e+03
    2.81115e+03     4.98600e-02     4.99200e-03     2.49300e+03
    2.81125e+03     4.98800e-02     4.59200e-03     2.49400e+03
    2.81135e+03     4.84200e-02     4.84800e-03     2.42100e+03
    2.81145e+03     4.99200e-02     4.60800e-03     2.49600e+03
    2.81155e+03     5.01200e-02     4.88000e-03     2.50600e+03
    2.81165e+03     5.01400e-02     4.99200e-03     2.50700e+03
    2.81175e+03     4.93800e-02     4.40000e-03     2.46900e+03
    2.81185e+03     5.03800e-02     5.02400e-03     2.51900e+03
    2.81195e+03     4.84600e-02     4.76800e-03     2.42300e+03
    2.81205e+03     4.93400e-02     5.04000e-03     2.46700e+03
    2.81215e+03     4.91200e-02     4.75200e-03     2.45600e+03
    2.81225e+03     5.00000e-02     5.07200e-03     2.50000e+03
    2.81235e+03     5.08800e-02     5.21600e-03     2.54400e+03
    2.81245e+03     4.98000e-02     5.28000e-03     2.49000e+03
    2.81255e+03     4.99600e-02     4.89600e-03     2.49800e+03
    2.81265e+03     4.78600e-02     5.16800e-03     2.39300e+03
    2.81275e+03     5.04200e-02     4.81600e-03     2.52100e+03
    2.81285e+03     4.90600e-02     4.68800e-03     2.45300e+03
    2.81295e+03     4.93600e-02     5.69600e-03     2.46800e+03
    2.81305e+03     4.79400e-02     4.94400e-03     2.39700e+03
    2.81315e+03     4.93600e-02     4.73600e-03     2.46800e+03
    2.81325e+03     4.79200e-02     5.05600e-03     2.39600e+03
    2.81335e+03     4.90400e-02     4.86400e-03     2.45200e+03
    2.81345e+03     4.80800e-02     4.92800e-03     2.40400e+03
    2.81355e+03     4.91400e-02     4.67200e-03     2.45700e+03
    2.81365e+03     4.91600e-02     4.92800e-03     2.45800e+03
    2.81375e+03     4.97600e-02     5.13600e-03     2.48800e+03
    2.81385e+03     4.92600e-02     4.84800e-03     2.46300e+03
    2.81395e+03     4.75400e-02     4.51200e-03     2.37700e+03
    2.81405e+03     5.09600e-02     5.23200e-03     2.54800e+03
    2.81415e+03     4.87400e-02     4.43200e-03     2.43700e+03
    2.81425e+03     4.93800e-02     4.80000e-03     2.46900e+03
    2.81435e+03     5.04400e-02     5.05600e-03     2.52200e+03
    2.81445e+03     4.85400e-02     4.67200e-03     2.42700e+03
    2.81455e+03     4.77000e-02     5.00800e-03     2.38500e+03
    2.81465e+03     4.86200e-02     4.76800e-03     2.43100e+03
    2.81475e+03     4.94000e-02     4.86400e-03     2.47000e+03
    2.81485e+03     4.92200e-02     5.15200e-03     2.46100e+03
    2.81495e+03     5.04400e-02     5.44000e-03     2.52200e+03
    2.81505e+03     5.04400e-02     4.76800e-03     2.52200e+03
    2.81515e+03     4.90600e-02     4.92800e-03     2.45300e+03
    2.81525e+03     5.04400e-02     5.02400e-03     2.52200e+03
    2.81535e+03     5.04600e-02     4.65600e-03     2.52300e+03
    2.81545e+03     5.00200e-02     5.00800e-03     2.50100e+03
    2.81555e+03     4.79800e-02     4.72000e-03     2.39900e+03
    2.81565e+03     4.85400e-02     4.86400e-03     2.42700e+03
    2.81575e+03     4.88000e-02     4.81600e-03     2.44000e+03
    2.81585e+03     4.86200e-02     5.12000e-03     2.43100e+03
    2.81595e+03     4.92200e-02     4.94400e-03     2.46100e+03
    2.81605e+03     5.09400e-02     5.82400e-03     2.54700e+03
    2.81615e+03     4.84400e-02     4.52800e-03     2.42200e+03
    2.81625e+03     4.98400e-02     4.28800e-03     2.49200e+03
    2.81635e+03     4.87600e-02     4.70400e-03     2.43800e+03
    2.81645e+03     4.92800e-02     4.92800e-03     2.46400e+03
    2.81655e+03     4.94400e-02     5.13600e-03     2.47200e+03
    2.81665e+03     4.96400e-02     4.20800e-03     2.48200e+03
    2.81675e+03     4.91600e-02     4.86400e-03     2.45800e+03
    2.81685e+03     4.75400e-02     4.59200e-03     2.37700e+03
    2.81695e+03     4.83600e-02     5.16800e-03     2.41800e+03
    2.81705e+03     4.72200e-02     4.51200e-03     2.36100e+03
    2.81715e+03     4.77400e-02     4.48000e-03     2.38700e+03
    2.81725e+03     4.89600e-02     4.92800e-03     2.44800e+03
    2.81735e+03     4.90400e-02     4.84800e-03     2.45200e+03
    2.81745e+03     4.69600e-02     4.32000e-03     2.34800e+03
    2.81755e+03     4.93600e-02     5.26400e-03     2.46800e+03
    2.81765e+03     4.99000e-02     5.15200e-03     2.49500e+03
    2.81775e+03     4.90800e-02     4.27200e-03     2.45400e+03
    2.81785e+03     4.99200e-02     4.81600e-03     2.49600e+03
    2.81795e+03     4.97600e-02     5.40800e-03     2.48800e+03
    2.81805e+03     4.96800e-02     4.78400e-03     2.48400e+03
    2.81815e+03     4.93200e-02     4.88000e-03     2.46600e+03
    2.81825e+03     5.01600e-02     4.75200e-03     2.50800e+03
    2.81835e+03     5.09800e-02     5.07200e-03     2.54900e+03
    2.81845e+03     4.91800e-02     5.04000e-03     2.45900e+03
    2.81855e+03     4.93000e-02     5.02400e-03     2.46500e+03
    2.81865e+03     5.01600e-02     4.89600e-03     2.50800e+03
    2.81875e+03     4.92000e-02     5.31200e-03     2.46000e+03
    2.81885e+03     4.95800e-02     4.73600e-03     2.47900e+03
    2.81895e+03     4.91000e-02     5.20000e-03     2.45500e+03
    2.81905e+03     4.81000e-02     4.72000e-03     2.40500e+03
    2.81915e+03     4.85600e-02     4.52800e-03     2.42800e+03
    2.81925e+03     4.90600e-02     5.23200e-03     2.45300e+03
    2.81935e+03     4.96600e-02     5.28000e-03     2.48300e+03
    2.81945e+03     4.92200e-02     4.70400e-03     2.46100e+03
    2.81955e+03     4.76400e-02     4.80000e-03     2.38200e+03
    2.81965e+03     4.96200e-02     5.42400e-03     2.48100e+03
    2.81975e+03     4.95200e-02     4.83200e-03     2.47600e+03
    2.81985e+03     4.84800e-02     5.08800e-03     2.42400e+03
    2.81995e+03     4.94600e-02     4.99200e-03     2.47300e+03
