    2.57505e+03     4.34400e-05     1.00119e-01     7.24000e+02
    2.57515e+03     4.19400e-05     9.98892e-02     6.99000e+02
    2.57525e+03     4.26600e-05     9.98279e-02     7.11000e+02
    2.57535e+03     3.96000e-05     1.00051e-01     6.60000e+02
    2.57545e+03     4.40400e-05     1.00068e-01     7.34000e+02
    2.57555e+03     4.46400e-05     1.00040e-01     7.44000e+02
    2.57565e+03     4.53600e-05     1.00043e-01     7.56000e+02
    2.57575e+03     4.36800e-05     1.00049e-01     7.28000e+02
    2.57585e+03     4.27800e-05     9.99960e-02     7.13000e+02
    2.57595e+03     4.19400e-05     9.99515e-02     6.99000e+02
    2.57605e+03     4.42200e-05     9.99948e-02     7.37000e+02
    2.57615e+03     4.48800e-05     1.00185e-01     7.48000e+02
    2.57625e+03     4.17000e-05     1.00160e-01     6.95000e+02
    2.57635e+03     4.08600e-05     1.00025e-01     6.81000e+02
    2.57645e+03     4.57200e-05     9.99339e-02     7.62000e+02
    2.57655e+03     4.03800e-05     9.99333e-02     6.73000e+02
    2.57665e+03     4.08000e-05     9.97807e-02     6.80000e+02
    2.57675e+03     4.15800e-05     1.00045e-01     6.93000e+02
    2.57685e+03     4.26000e-05     1.00114e-01     7.10000e+02
    2.57695e+03     4.28400e-05     9.97931e-02     7.14000e+02
    2.57705e+03     4.34400e-05     9.99335e-02     7.24000e+02
    2.57715e+03     4.17600e-05     9.99496e-02     6.96000e+02
    2.57725e+03     4.23000e-05     9.97928e-02     7.05000e+02
    2.57735e+03     4.27200e-05     9.99135e-02     7.12000e+02
    2.57745e+03     4.54200e-05     1.00217e-01     7.57000e+02
    2.57755e+03     4.41600e-05     9.98450e-02     7.36000e+02
    2.57765e+03     4.24200e-05     1.00039e-01     7.07000e+02
    2.57775e+03     4.59000e-05     9.99418e-02     7.65000e+02
    2.57785e+03     4.62600e-05     9.99884e-02     7.71000e+02
    2.57795e+03     4.37400e-05     9.99307e-02     7.29000e+02
    2.57805e+03     4.15200e-05     1.00207e-01     6.92000e+02
    2.57815e+03     4.66800e-05     9.99060e-02     7.78000e+02
    2.57825e+03     4.54200e-05     1.00032e-01     7.57000e+02
    2.57835e+03     4.35600e-05     1.00025e-01     7.26000e+02
    2.57845e+03     4.14600e-05     1.00032e-01     6.91000e+02
    2.57855e+03     4.51800e-05     9.99995e-02     7.53000e+02
    2.57865e+03     4.35600e-05     9.99487e-02     7.26000e+02
    2.57875e+03     4.33800e-05     9.98306e-02     7.23000e+02
    2.57885e+03     4.39200e-05     1.00072e-01     7.32000e+02
    2.57895e+03     4.26000e-05     1.00140e-01     7.10000e+02
    2.57905e+03     4.42200e-05     9.98827e-02     7.37000e+02
    2.57915e+03     4.53600e-05     1.00109e-01     7.56000e+02
    2.57925e+03     4.39800e-05     9.99562e-02     7.33000e+02
    2.57935e+03     4.35600e-05     9.99779e-02     7.26000e+02
    2.57945e+03     4.42800e-05     1.00012e-01     7.38000e+02
    2.57955e+03     4.57200e-05     1.00014e-01     7.62000e+02
    2.57965e+03     4.64400e-05     9.98977e-02     7.74000e+02
    2.57975e+03     4.18200e-05     9.99604e-02     6.97000e+02
    2.57985e+03     4.39200e-05     1.00117e-01     7.32000e+02
    2.57995e+03     4.30800e-05     9.98905e-02     7.18000e+02
    2.58005e+03     4.36200e-05     1.00095e-01     7.27000e+02
    2.58015e+03     4.19400e-05     1.00189e-01     6.99000e+02
    2.58025e+03     4.11000e-05     9.99918e-02     6.85000e+02
    2.58035e+03     4.18800e-05     1.00103e-01     6.98000e+02
    2.58045e+03     4.56000e-05     1.00026e-01     7.60000e+02
    2.58055e+03     4.16400e-05     9.98757e-02     6.94000e+02
    2.58065e+03     4.39200e-05     9.98700e-02     7.32000e+02
    2.58075e+03     4.37400e-05     9.99929e-02     7.29000e+02
    2.58085e+03     4.46400e-05     9.99434e-02     7.44000e+02
    2.58095e+03     4.47600e-05     9.99646e-02     7.46000e+02
    2.58105e+03     4.29000e-05     1.00128e-01     7.15000e+02
    2.58115e+03     4.16400e-05     9.98022e-02     6.94000e+02
    2.58125e+03     4.31400e-05     1.00078e-01     7.19000e+02
    2.58135e+03     3.99000e-05     1.00114e-01     6.65000e+02
    2.58145e+03     4.25400e-05     1.00096e-01     7.09000e+02
    2.58155e+03     4.57800e-05     9.97963e-02     7.63000e+02
    2.58165e+03     4.41600e-05     9.99605e-02     7.36000e+02
    2.58175e+03     4.31400e-05     1.00040e-01     7.19000e+02
    2.58185e+03     4.20600e-05     9.99775e-02     7.01000e+02
    2.58195e+03     4.26000e-05     1.00037e-01     7.10000e+02
    2.58205e+03     4.21800e-05     1.00183e-01     7.03000e+02
    2.58215e+03     4.05600e-05     1.00013e-01     6.76000e+02
    2.58225e+03     4.35000e-05     1.00085e-01     7.25000e+02
    2.58235e+03     4.10400e-05     9.99851e-02     6.84000e+02
    2.58245e+03     4.10400e-05     9.99931e-02     6.84000e+02
    2.58255e+03     4.23600e-05     9.99561e-02     7.06000e+02
    2.58265e+03     4.19400e-05     9.99924e-02     6.99000e+02
    2.58275e+03     3.98400e-05     9.98508e-02     6.64000e+02
    2.58285e+03     4.56000e-05     9.98502e-02     7.60000e+02
    2.58295e+03     4.31400e-05     9.98855e-02     7.19000e+02
    2.58305e+03     4.63200e-05     9.98948e-02     7.72000e+02
    2.58315e+03     4.26600e-05     9.98889e-02     7.11000e+02
    2.58325e+03     4.09800e-05     1.00022e-01     6.83000e+02
    2.58335e+03     4.20000e-05     9.98872e-02     7.00000e+02
    2.58345e+03     4.15800e-05     1.00025e-01     6.93000e+02
    2.58355e+03     4.10400e-05     1.00066e-01     6.84000e+02
    2.58365e+03     4.15200e-05     9.99685e-02     6.92000e+02
    2.58375e+03     3.88800e-05     9.98331e-02     6.48000e+02
    2.58385e+03     4.08600e-05     1.00083e-01     6.81000e+02
    2.58395e+03     4.13400e-05     9.99836e-02     6.89000e+02
    2.58405e+03     3.67200e-05     9.99687e-02     6.12000e+02
    2.58415e+03     4.02600e-05     9.99249e-02     6.71000e+02
    2.58425e+03     3.82200e-05     9.97806e-02     6.37000e+02
    2.58435e+03     4.07400e-05     1.00052e-01     6.79000e+02
    2.58445e+03     4.26000e-05     9.99862e-02     7.10000e+02
    2.58455e+03     3.78600e-05     1.00014e-01     6.31000e+02
    2.58465e+03     3.84000e-05     9.98862e-02     6.40000e+02
    2.58475e+03     4.09200e-05     1.00010e-01     6.82000e+02
    2.58485e+03     3.75000e-05     1.00013e-01     6.25000e+02
    2.58495e+03     3.63600e-05     9.99314e-02     6.06000e+02
    2.58505e+03     3.44400e-05     9.99713e-02     5.74000e+02
    2.58515e+03     3.54000e-05     9.99505e-02     5.90000e+02
    2.58525e+03     3.51000e-05     9.98828e-02     5.85000e+02
    2.58535e+03     3.09600e-05     9.99511e-02     5.16000e+02
    2.58545e+03     3.36600e-05     9.98802e-02     5.61000e+02
    2.58555e+03     3.07200e-05     9.97049e-02     5.12000e+02
    2.58565e+03     2.92800e-05     9.99044e-02     4.88000e+02
    2.58575e+03     2.49600e-05     9.94825e-02     4.16000e+02
    2.58585e+03     2.16600e-05     9.86023e-02     3.61000e+02
    2.58595e+03     1.90200e-05     9.55384e-02     3.17000e+02
    2.58605e+03     1.35000e-05     8.63309e-02     2.25000e+02
    2.58615e+03     1.71000e-05     7.51535e-02     2.85000e+02
    2.58625e+03     2.25000e-05     7.70248e-02     3.75000e+02
    2.58635e+03     3.72600e-05     9.00261e-02     6.21000e+02
    2.58645e+03     4.28400e-05     9.79871e-02     7.14000e+02
    2.58655e+03     4.68000e-05     9.95151e-02     7.80000e+02
    2.58665e+03     4.30200e-05     9.98335e-02     7.17000e+02
    2.58675e+03     4.39800e-05     9.98529e-02     7.33000e+02
    2.58685e+03     4.27800e-05     9.99304e-02     7.13000e+02
    2.58695e+03     4.65000e-05     1.00074e-01     7.75000e+02
    2.58705e+03     4.21800e-05     9.99055e-02     7.03000e+02
    2.58715e+03     4.47600e-05     1.00054e-01     7.46000e+02
    2.58725e+03     4.60200e-05     9.98600e-02     7.67000e+02
    2.58735e+03     4.47600e-05     1.00019e-01     7.46000e+02
    2.58745e+03     4.41600e-05     9.98922e-02     7.36000e+02
    2.58755e+03     4.34400e-05     9.99079e-02     7.24000e+02
    2.58765e+03     4.68600e-05     9.99605e-02     7.81000e+02
    2.58775e+03     4.42800e-05     1.00102e-01     7.38000e+02
    2.58785e+03     4.34400e-05     9.99705e-02     7.24000e+02
    2.58795e+03     4.29600e-05     9.98846e-02     7.16000e+02
    2.58805e+03     4.33800e-05     9.99311e-02     7.23000e+02
    2.58815e+03     4.48200e-05     1.00066e-01     7.47000e+02
    2.58825e+03     4.59000e-05     1.00085e-01     7.65000e+02
    2.58835e+03     4.41000e-05     9.99522e-02     7.35000e+02
    2.58845e+03     4.44600e-05     9.99273e-02     7.41000e+02
    2.58855e+03     4.65600e-05     9.97643e-02     7.76000e+02
    2.58865e+03     4.47600e-05     9.99849e-02     7.46000e+02
    2.58875e+03     4.26000e-05     9.99522e-02     7.10000e+02
    2.58885e+03     4.38000e-05     1.00042e-01     7.30000e+02
    2.58895e+03     4.37400e-05     9.98319e-02     7.29000e+02
    2.58905e+03     4.31400e-05     1.00090e-01     7.19000e+02
    2.58915e+03     4.41000e-05     9.99089e-02     7.35000e+02
    2.58925e+03     4.56000e-05     9.99794e-02     7.60000e+02
    2.58935e+03     4.24800e-05     1.00003e-01     7.08000e+02
    2.58945e+03     4.59000e-05     9.99581e-02     7.65000e+02
    2.58955e+03     4.60800e-05     9.98388e-02     7.68000e+02
    2.58965e+03     4.44600e-05     1.00039e-01     7.41000e+02
    2.58975e+03     4.29000e-05     9.99853e-02     7.15000e+02
    2.58985e+03     4.44000e-05     1.00119e-01     7.40000e+02
    2.58995e+03     4.30200e-05     1.00038e-01     7.17000e+02
    2.59005e+03     4.39200e-05     1.00036e-01     7.32000e+02
    2.59015e+03     4.38600e-05     1.00114e-01     7.31000e+02
    2.59025e+03     4.29600e-05     1.00082e-01     7.16000e+02
    2.59035e+03     4.25400e-05     1.00027e-01     7.09000e+02
    2.59045e+03     4.42200e-05     9.99948e-02     7.37000e+02
    2.59055e+03     4.54800e-05     9.99540e-02     7.58000e+02
    2.59065e+03     4.45200e-05     1.00068e-01     7.42000e+02
    2.59075e+03     4.26000e-05     9.99465e-02     7.10000e+02
    2.59085e+03     4.32600e-05     9.99510e-02     7.21000e+02
    2.59095e+03     4.51200e-05     1.00036e-01     7.52000e+02
    2.59105e+03     4.42200e-05     9.99724e-02     7.37000e+02
    2.59115e+03     4.27800e-05     9.99738e-02     7.13000e+02
    2.59125e+03     4.48200e-05     1.00234e-01     7.47000e+02
    2.59135e+03     4.38000e-05     9.98746e-02     7.30000e+02
    2.59145e+03     4.50600e-05     9.98617e-02     7.51000e+02
    2.59155e+03     4.36200e-05     1.00052e-01     7.27000e+02
    2.59165e+03     4.78200e-05     1.00125e-01     7.97000e+02
    2.59175e+03     4.28400e-05     9.99717e-02     7.14000e+02
    2.59185e+03     4.66200e-05     9.99802e-02     7.77000e+02
    2.59195e+03     4.41600e-05     1.00124e-01     7.36000e+02
    2.59205e+03     4.44000e-05     9.99690e-02     7.40000e+02
    2.59215e+03     4.11000e-05     9.99878e-02     6.85000e+02
    2.59225e+03     4.48200e-05     1.00146e-01     7.47000e+02
    2.59235e+03     4.16400e-05     1.00030e-01     6.94000e+02
    2.59245e+03     4.29600e-05     1.00062e-01     7.16000e+02
    2.59255e+03     4.02000e-05     9.99298e-02     6.70000e+02
    2.59265e+03     4.30800e-05     9.98929e-02     7.18000e+02
    2.59275e+03     4.27800e-05     9.98140e-02     7.13000e+02
    2.59285e+03     4.57800e-05     1.00068e-01     7.63000e+02
    2.59295e+03     4.12800e-05     1.00226e-01     6.88000e+02
    2.59305e+03     4.26600e-05     1.00102e-01     7.11000e+02
    2.59315e+03     4.16400e-05     9.99439e-02     6.94000e+02
    2.59325e+03     4.48200e-05     1.00030e-01     7.47000e+02
    2.59335e+03     4.33800e-05     1.00012e-01     7.23000e+02
    2.59345e+03     4.12200e-05     9.99171e-02     6.87000e+02
    2.59355e+03     4.30200e-05     9.98436e-02     7.17000e+02
    2.59365e+03     4.35000e-05     1.00013e-01     7.25000e+02
    2.59375e+03     4.24800e-05     9.98862e-02     7.08000e+02
    2.59385e+03     4.51800e-05     1.00130e-01     7.53000e+02
    2.59395e+03     4.38000e-05     1.00049e-01     7.30000e+02
    2.59405e+03     4.08000e-05     1.00035e-01     6.80000e+02
    2.59415e+03     3.97800e-05     1.00020e-01     6.63000e+02
    2.59425e+03     4.33200e-05     1.00307e-01     7.22000e+02
    2.59435e+03     4.00200e-05     9.99397e-02     6.67000e+02
    2.59445e+03     4.18200e-05     9.99818e-02     6.97000e+02
    2.59455e+03     4.02600e-05     9.99379e-02     6.71000e+02
    2.59465e+03     4.26600e-05     1.00016e-01     7.11000e+02
    2.59475e+03     4.25400e-05     1.00085e-01     7.09000e+02
    2.59485e+03     4.35000e-05     1.00070e-01     7.25000e+02
    2.59495e+03     4.21800e-05     9.98907e-02     7.03000e+02
    2.59505e+03     4.20000e-05     1.00074e-01     7.00000e+02
    2.59515e+03     4.11600e-05     9.98843e-02     6.86000e+02
    2.59525e+03     4.00800e-05     1.00150e-01     6.68000e+02
    2.59535e+03     4.29600e-05     9.99578e-02     7.16000e+02
    2.59545e+03     4.13400e-05     1.00000e-01     6.89000e+02
    2.59555e+03     3.94800e-05     1.00055e-01     6.58000e+02
    2.59565e+03     3.82800e-05     9.99756e-02     6.38000e+02
    2.59575e+03     4.23600e-05     9.98541e-02     7.06000e+02
    2.59585e+03     3.80400e-05     1.00006e-01     6.34000e+02
    2.59595e+03     4.03200e-05     9.99892e-02     6.72000e+02
    2.59605e+03     3.81600e-05     1.00094e-01     6.36000e+02
    2.59615e+03     3.97200e-05     1.00178e-01     6.62000e+02
    2.59625e+03     3.83400e-05     9.96236e-02     6.39000e+02
    2.59635e+03     4.32600e-05     1.00099e-01     7.21000e+02
    2.59645e+03     4.18800e-05     9.99982e-02     6.98000e+02
    2.59655e+03     3.82800e-05     9.97883e-02     6.38000e+02
    2.59665e+03     3.83400e-05     1.00054e-01     6.39000e+02
    2.59675e+03     3.87600e-05     9.99275e-02     6.46000e+02
    2.59685e+03     3.92400e-05     1.00136e-01     6.54000e+02
    2.59695e+03     3.90000e-05     9.99382e-02     6.50000e+02
    2.59705e+03     4.11000e-05     1.00009e-01     6.85000e+02
    2.59715e+03     3.79200e-05     1.00034e-01     6.32000e+02
    2.59725e+03     3.81600e-05     9.99428e-02     6.36000e+02
    2.59735e+03     3.61200e-05     1.00001e-01     6.02000e+02
    2.59745e+03     3.52200e-05     9.99364e-02     5.87000e+02
    2.59755e+03     3.77400e-05     9.98985e-02     6.29000e+02
    2.59765e+03     3.56400e-05     9.96600e-02     5.94000e+02
    2.59775e+03     3.64800e-05     9.99517e-02     6.08000e+02
    2.59785e+03     3.42000e-05     9.99744e-02     5.70000e+02
    2.59795e+03     3.24600e-05     9.98383e-02     5.41000e+02
    2.59805e+03     3.07800e-05     9.97848e-02     5.13000e+02
    2.59815e+03     3.36000e-05     1.00064e-01     5.60000e+02
    2.59825e+03     3.12000e-05     9.97654e-02     5.20000e+02
    2.59835e+03     3.01800e-05     9.97809e-02     5.03000e+02
    2.59845e+03     2.76600e-05     9.98614e-02     4.61000e+02
    2.59855e+03     2.56200e-05     9.98982e-02     4.27000e+02
    2.59865e+03     2.45400e-05     9.98171e-02     4.09000e+02
    2.59875e+03     2.22000e-05     9.95630e-02     3.70000e+02
    2.59885e+03     2.17200e-05     9.96806e-02     3.62000e+02
    2.59895e+03     2.16600e-05     9.95757e-02     3.61000e+02
    2.59905e+03     1.72800e-05     9.93967e-02     2.88000e+02
    2.59915e+03     1.54800e-05     9.92278e-02     2.58000e+02
    2.59925e+03     1.42200e-05     9.84363e-02     2.37000e+02
    2.59935e+03     1.11600e-05     9.65628e-02     1.86000e+02
    2.59945e+03     8.16000e-06     8.98548e-02     1.36000e+02
    2.59955e+03     6.78000e-06     7.15732e-02     1.13000e+02
    2.59965e+03     6.30000e-06     4.93943e-02     1.05000e+02
    2.59975e+03     8.64000e-06     4.47511e-02     1.44000e+02
    2.59985e+03     2.38200e-05     6.60022e-02     3.97000e+02
    2.59995e+03     4.18200e-05     9.08315e-02     6.97000e+02
    2.60005e+03     4.43400e-05     9.79301e-02     7.39000e+02
    2.60015e+03     4.41000e-05     9.91622e-02     7.35000e+02
    2.60025e+03     4.48800e-05     9.94502e-02     7.48000e+02
    2.60035e+03     4.63200e-05     9.97756e-02     7.72000e+02
    2.60045e+03     4.87800e-05     9.97578e-02     8.13000e+02
    2.60055e+03     4.52400e-05     9.98269e-02     7.54000e+02
    2.60065e+03     4.92000e-05     9.98316e-02     8.20000e+02
    2.60075e+03     4.56000e-05     9.99648e-02     7.60000e+02
    2.60085e+03     4.52400e-05     9.98161e-02     7.54000e+02
    2.60095e+03     4.53600e-05     9.99240e-02     7.56000e+02
    2.60105e+03     4.65000e-05     9.99669e-02     7.75000e+02
    2.60115e+03     4.44600e-05     9.97840e-02     7.41000e+02
    2.60125e+03     4.51800e-05     9.99851e-02     7.53000e+02
    2.60135e+03     4.69800e-05     1.00130e-01     7.83000e+02
    2.60145e+03     4.36200e-05     9.99519e-02     7.27000e+02
    2.60155e+03     4.41600e-05     1.00020e-01     7.36000e+02
    2.60165e+03     4.52400e-05     9.98844e-02     7.54000e+02
    2.60175e+03     4.34400e-05     9.98278e-02     7.24000e+02
    2.60185e+03     4.50000e-05     9.99963e-02     7.50000e+02
    2.60195e+03     4.68600e-05     9.99126e-02     7.81000e+02
    2.60205e+03     4.70400e-05     1.00061e-01     7.84000e+02
    2.60215e+03     4.32600e-05     9.98923e-02     7.21000e+02
    2.60225e+03     4.23000e-05     1.00034e-01     7.05000e+02
    2.60235e+03     4.37400e-05     9.99063e-02     7.29000e+02
    2.60245e+03     4.58400e-05     1.00270e-01     7.64000e+02
    2.60255e+03     4.42800e-05     9.98991e-02     7.38000e+02
    2.60265e+03     4.45200e-05     1.00096e-01     7.42000e+02
    2.60275e+03     4.54200e-05     1.00108e-01     7.57000e+02
    2.60285e+03     4.28400e-05     1.00069e-01     7.14000e+02
    2.60295e+03     4.45200e-05     1.00054e-01     7.42000e+02
    2.60305e+03     4.39200e-05     9.98213e-02     7.32000e+02
    2.60315e+03     4.38000e-05     9.99156e-02     7.30000e+02
    2.60325e+03     4.76400e-05     9.99744e-02     7.94000e+02
    2.60335e+03     4.39200e-05     1.00063e-01     7.32000e+02
    2.60345e+03     4.23600e-05     1.00083e-01     7.06000e+02
    2.60355e+03     4.55400e-05     1.00097e-01     7.59000e+02
    2.60365e+03     4.41000e-05     9.99520e-02     7.35000e+02
    2.60375e+03     4.51800e-05     9.98326e-02     7.53000e+02
    2.60385e+03     4.42800e-05     9.98311e-02     7.38000e+02
    2.60395e+03     4.44600e-05     9.99722e-02     7.41000e+02
    2.60405e+03     4.41000e-05     1.00213e-01     7.35000e+02
    2.60415e+03     4.42800e-05     9.99643e-02     7.38000e+02
    2.60425e+03     4.27800e-05     9.98582e-02     7.13000e+02
    2.60435e+03     4.33800e-05     9.99354e-02     7.23000e+02
    2.60445e+03     4.64400e-05     1.00040e-01     7.74000e+02
    2.60455e+03     4.44000e-05     1.00126e-01     7.40000e+02
    2.60465e+03     4.50600e-05     1.00135e-01     7.51000e+02
    2.60475e+03     4.62000e-05     1.00147e-01     7.70000e+02
    2.60485e+03     4.52400e-05     1.00141e-01     7.54000e+02
    2.60495e+03     4.18200e-05     9.98624e-02     6.97000e+02
    2.60505e+03     4.50600e-05     1.00131e-01     7.51000e+02
    2.60515e+03     4.35600e-05     1.00036e-01     7.26000e+02
    2.60525e+03     4.51200e-05     9.99822e-02     7.52000e+02
    2.60535e+03     4.34400e-05     9.99375e-02     7.24000e+02
    2.60545e+03     4.02600e-05     9.99800e-02     6.71000e+02
    2.60555e+03     4.11000e-05     1.00150e-01     6.85000e+02
    2.60565e+03     4.71600e-05     1.00056e-01     7.86000e+02
    2.60575e+03     4.27800e-05     9.98726e-02     7.13000e+02
    2.60585e+03     4.36200e-05     1.00051e-01     7.27000e+02
    2.60595e+03     4.30200e-05     1.00215e-01     7.17000e+02
    2.60605e+03     4.34400e-05     9.99807e-02     7.24000e+02
    2.60615e+03     4.54200e-05     1.00130e-01     7.57000e+02
    2.60625e+03     4.23600e-05     9.99619e-02     7.06000e+02
    2.60635e+03     4.16400e-05     9.99654e-02     6.94000e+02
    2.60645e+03     4.83000e-05     9.99684e-02     8.05000e+02
    2.60655e+03     4.54800e-05     9.99760e-02     7.58000e+02
    2.60665e+03     4.31400e-05     1.00023e-01     7.19000e+02
    2.60675e+03     4.29000e-05     1.00009e-01     7.15000e+02
    2.60685e+03     4.41000e-05     1.00077e-01     7.35000e+02
    2.60695e+03     4.11000e-05     1.00030e-01     6.85000e+02
    2.60705e+03     4.55400e-05     9.99847e-02     7.59000e+02
    2.60715e+03     4.41600e-05     9.99592e-02     7.36000e+02
    2.60725e+03     4.20600e-05     9.99594e-02     7.01000e+02
    2.60735e+03     4.39800e-05     9.98541e-02     7.33000e+02
    2.60745e+03     4.45800e-05     1.00052e-01     7.43000e+02
    2.60755e+03     4.34400e-05     1.00041e-01     7.24000e+02
    2.60765e+03     4.33800e-05     9.99497e-02     7.23000e+02
    2.60775e+03     4.25400e-05     9.98971e-02     7.09000e+02
    2.60785e+03     4.42800e-05     9.99324e-02     7.38000e+02
    2.60795e+03     4.35600e-05     1.00024e-01     7.26000e+02
    2.60805e+03     4.36800e-05     1.00003e-01     7.28000e+02
    2.60815e+03     4.20600e-05     9.99775e-02     7.01000e+02
    2.60825e+03     4.39200e-05     9.99575e-02     7.32000e+02
    2.60835e+03     4.64400e-05     1.00022e-01     7.74000e+02
    2.60845e+03     4.49400e-05     1.00070e-01     7.49000e+02
    2.60855e+03     4.56600e-05     1.00202e-01     7.61000e+02
    2.60865e+03     4.83000e-05     9.98324e-02     8.05000e+02
    2.60875e+03     4.40400e-05     1.00061e-01     7.34000e+02
    2.60885e+03     4.63200e-05     9.97658e-02     7.72000e+02
    2.60895e+03     4.28400e-05     1.00170e-01     7.14000e+02
    2.60905e+03     4.54800e-05     1.00014e-01     7.58000e+02
    2.60915e+03     4.69800e-05     9.98302e-02     7.83000e+02
    2.60925e+03     4.32000e-05     9.99030e-02     7.20000e+02
    2.60935e+03     4.55400e-05     1.00028e-01     7.59000e+02
    2.60945e+03     4.47000e-05     1.00058e-01     7.45000e+02
    2.60955e+03     4.51200e-05     9.98362e-02     7.52000e+02
    2.60965e+03     4.53600e-05     1.00045e-01     7.56000e+02
    2.60975e+03     4.55400e-05     9.99879e-02     7.59000e+02
    2.60985e+03     4.53600e-05     1.00137e-01     7.56000e+02
    2.60995e+03     4.33800e-05     9.98485e-02     7.23000e+02
    2.61005e+03     4.14600e-05     9.99987e-02     6.91000e+02
    2.61015e+03     4.51200e-05     1.00116e-01     7.52000e+02
    2.61025e+03     4.37400e-05     9.99363e-02     7.29000e+02
    2.61035e+03     4.70400e-05     1.00095e-01     7.84000e+02
    2.61045e+03     4.50000e-05     9.99016e-02     7.50000e+02
    2.61055e+03     4.47600e-05     1.00031e-01     7.46000e+02
    2.61065e+03     4.44000e-05     9.99057e-02     7.40000e+02
    2.61075e+03     4.45800e-05     9.99946e-02     7.43000e+02
    2.61085e+03     4.58400e-05     1.00050e-01     7.64000e+02
    2.61095e+03     4.21200e-05     1.00093e-01     7.02000e+02
    2.61105e+03     4.50600e-05     9.99604e-02     7.51000e+02
    2.61115e+03     4.35600e-05     1.00149e-01     7.26000e+02
    2.61125e+03     4.65600e-05     1.00041e-01     7.76000e+02
    2.61135e+03     4.24800e-05     9.98982e-02     7.08000e+02
    2.61145e+03     4.47000e-05     1.00114e-01     7.45000e+02
    2.61155e+03     4.56600e-05     1.00017e-01     7.61000e+02
    2.61165e+03     4.33200e-05     9.99997e-02     7.22000e+02
    2.61175e+03     4.69200e-05     9.99535e-02     7.82000e+02
    2.61185e+03     4.44000e-05     9.99037e-02     7.40000e+02
    2.61195e+03     4.98000e-05     9.99892e-02     8.30000e+02
    2.61205e+03     4.65600e-05     1.00076e-01     7.76000e+02
    2.61215e+03     4.84800e-05     9.98727e-02     8.08000e+02
    2.61225e+03     4.81200e-05     1.00006e-01     8.02000e+02
    2.61235e+03     4.36200e-05     9.99741e-02     7.27000e+02
    2.61245e+03     4.75200e-05     1.00030e-01     7.92000e+02
    2.61255e+03     4.70400e-05     1.00060e-01     7.84000e+02
    2.61265e+03     4.29000e-05     9.99783e-02     7.15000e+02
    2.61275e+03     4.26600e-05     9.99328e-02     7.11000e+02
    2.61285e+03     4.40400e-05     1.00112e-01     7.34000e+02
    2.61295e+03     4.31400e-05     1.00034e-01     7.19000e+02
    2.61305e+03     4.65600e-05     1.00114e-01     7.76000e+02
    2.61315e+03     4.34400e-05     1.00079e-01     7.24000e+02
    2.61325e+03     4.65600e-05     9.99170e-02     7.76000e+02
    2.61335e+03     4.30800e-05     1.00077e-01     7.18000e+02
    2.61345e+03     4.21800e-05     1.00251e-01     7.03000e+02
    2.61355e+03     4.59000e-05     9.99028e-02     7.65000e+02
    2.61365e+03     4.34400e-05     1.00120e-01     7.24000e+02
    2.61375e+03     4.44600e-05     1.00030e-01     7.41000e+02
    2.61385e+03     4.23000e-05     1.00060e-01     7.05000e+02
    2.61395e+03     4.33200e-05     9.99772e-02     7.22000e+02
    2.61405e+03     4.61400e-05     9.99552e-02     7.69000e+02
    2.61415e+03     4.28400e-05     9.99794e-02     7.14000e+02
    2.61425e+03     4.38000e-05     1.00080e-01     7.30000e+02
    2.61435e+03     4.40400e-05     9.99851e-02     7.34000e+02
    2.61445e+03     4.38600e-05     9.98866e-02     7.31000e+02
    2.61455e+03     4.47000e-05     9.99352e-02     7.45000e+02
    2.61465e+03     4.47000e-05     1.00025e-01     7.45000e+02
    2.61475e+03     4.19400e-05     1.00051e-01     6.99000e+02
    2.61485e+03     4.30800e-05     1.00140e-01     7.18000e+02
    2.61495e+03     4.30200e-05     1.00053e-01     7.17000e+02
    2.61505e+03     4.42200e-05     1.00066e-01     7.37000e+02
    2.61515e+03     4.43400e-05     9.99145e-02     7.39000e+02
    2.61525e+03     4.26600e-05     1.00060e-01     7.11000e+02
    2.61535e+03     4.56600e-05     1.00004e-01     7.61000e+02
    2.61545e+03     4.32600e-05     9.98654e-02     7.21000e+02
    2.61555e+03     4.39200e-05     1.00025e-01     7.32000e+02
    2.61565e+03     4.44000e-05     9.99172e-02     7.40000e+02
    2.61575e+03     4.26000e-05     1.00028e-01     7.10000e+02
    2.61585e+03     4.32600e-05     9.98485e-02     7.21000e+02
    2.61595e+03     4.08600e-05     9.98216e-02     6.81000e+02
    2.61605e+03     4.35600e-05     9.99403e-02     7.26000e+02
    2.61615e+03     4.49400e-05     9.99563e-02     7.49000e+02
    2.61625e+03     4.35000e-05     9.99289e-02     7.25000e+02
    2.61635e+03     4.29000e-05     9.99944e-02     7.15000e+02
    2.61645e+03     4.57200e-05     9.99133e-02     7.62000e+02
    2.61655e+03     4.31400e-05     9.99534e-02     7.19000e+02
    2.61665e+03     4.27800e-05     9.99300e-02     7.13000e+02
    2.61675e+03     4.56000e-05     1.00099e-01     7.60000e+02
    2.61685e+03     4.24800e-05     9.99828e-02     7.08000e+02
    2.61695e+03     4.15800e-05     1.00088e-01     6.93000e+02
    2.61705e+03     4.31400e-05     1.00006e-01     7.19000e+02
    2.61715e+03     4.27800e-05     9.99181e-02     7.13000e+02
    2.61725e+03     4.57800e-05     9.99363e-02     7.63000e+02
    2.61735e+03     4.56600e-05     9.99841e-02     7.61000e+02
    2.61745e+03     4.36200e-05     9.99891e-02     7.27000e+02
    2.61755e+03     4.47600e-05     9.99127e-02     7.46000e+02
    2.61765e+03     4.37400e-05     9.99984e-02     7.29000e+02
    2.61775e+03     4.37400e-05     9.99361e-02     7.29000e+02
    2.61785e+03     4.42800e-05     9.98403e-02     7.38000e+02
    2.61795e+03     4.60800e-05     9.98984e-02     7.68000e+02
    2.61805e+03     4.60200e-05     9.99938e-02     7.67000e+02
    2.61815e+03     3.99000e-05     9.98491e-02     6.65000e+02
    2.61825e+03     4.28400e-05     1.00271e-01     7.14000e+02
    2.61835e+03     4.39800e-05     1.00119e-01     7.33000e+02
    2.61845e+03     4.26000e-05     1.00024e-01     7.10000e+02
    2.61855e+03     4.69200e-05     1.00022e-01     7.82000e+02
    2.61865e+03     4.27200e-05     1.00102e-01     7.12000e+02
    2.61875e+03     4.27200e-05     1.00081e-01     7.12000e+02
    2.61885e+03     4.43400e-05     1.00058e-01     7.39000e+02
    2.61895e+03     4.53000e-05     9.98781e-02     7.55000e+02
    2.61905e+03     4.41000e-05     1.00113e-01     7.35000e+02
    2.61915e+03     4.36200e-05     9.99349e-02     7.27000e+02
    2.61925e+03     4.35000e-05     9.99380e-02     7.25000e+02
    2.61935e+03     4.42800e-05     1.00001e-01     7.38000e+02
    2.61945e+03     4.26600e-05     9.99507e-02     7.11000e+02
    2.61955e+03     4.28400e-05     1.00004e-01     7.14000e+02
    2.61965e+03     4.21800e-05     1.00095e-01     7.03000e+02
    2.61975e+03     4.57200e-05     1.00011e-01     7.62000e+02
    2.61985e+03     4.39200e-05     9.99825e-02     7.32000e+02
    2.61995e+03     4.49400e-05     1.00272e-01     7.49000e+02
    2.62005e+03     4.44600e-05     9.98669e-02     7.41000e+02
    2.62015e+03     4.06200e-05     1.00034e-01     6.77000e+02
    2.62025e+03     4.56000e-05     9.99919e-02     7.60000e+02
    2.62035e+03     4.15200e-05     9.99722e-02     6.92000e+02
    2.62045e+03     4.38600e-05     9.99501e-02     7.31000e+02
    2.62055e+03     4.18200e-05     9.99806e-02     6.97000e+02
    2.62065e+03     4.18200e-05     1.00051e-01     6.97000e+02
    2.62075e+03     4.26000e-05     1.00014e-01     7.10000e+02
    2.62085e+03     4.39200e-05     1.00111e-01     7.32000e+02
    2.62095e+03     4.37400e-05     9.99861e-02     7.29000e+02
    2.62105e+03     4.44000e-05     1.00075e-01     7.40000e+02
    2.62115e+03     4.47000e-05     9.99734e-02     7.45000e+02
    2.62125e+03     4.28400e-05     1.00021e-01     7.14000e+02
    2.62135e+03     4.48200e-05     9.98072e-02     7.47000e+02
    2.62145e+03     4.35000e-05     1.00043e-01     7.25000e+02
    2.62155e+03     4.17000e-05     9.98935e-02     6.95000e+02
    2.62165e+03     4.51200e-05     9.99044e-02     7.52000e+02
    2.62175e+03     4.44600e-05     9.99828e-02     7.41000e+02
    2.62185e+03     4.38000e-05     1.00054e-01     7.30000e+02
    2.62195e+03     4.27200e-05     9.98743e-02     7.12000e+02
    2.62205e+03     4.65600e-05     1.00055e-01     7.76000e+02
    2.62215e+03     4.37400e-05     9.99358e-02     7.29000e+02
    2.62225e+03     4.54200e-05     1.00115e-01     7.57000e+02
    2.62235e+03     4.30200e-05     1.00099e-01     7.17000e+02
    2.62245e+03     4.24800e-05     9.99939e-02     7.08000e+02
    2.62255e+03     4.28400e-05     1.00071e-01     7.14000e+02
    2.62265e+03     4.30800e-05     1.00013e-01     7.18000e+02
    2.62275e+03     4.57800e-05     9.97383e-02     7.63000e+02
    2.62285e+03     4.50000e-05     1.00003e-01     7.50000e+02
    2.62295e+03     4.13400e-05     1.00072e-01     6.89000e+02
    2.62305e+03     4.57200e-05     9.96796e-02     7.62000e+02
    2.62315e+03     4.49400e-05     1.00007e-01     7.49000e+02
    2.62325e+03     4.33800e-05     1.00046e-01     7.23000e+02
    2.62335e+03     4.39800e-05     9.98967e-02     7.33000e+02
    2.62345e+03     4.09200e-05     1.00031e-01     6.82000e+02
    2.62355e+03     4.33200e-05     9.99637e-02     7.22000e+02
    2.62365e+03     4.36200e-05     9.99910e-02     7.27000e+02
    2.62375e+03     4.41000e-05     1.00014e-01     7.35000e+02
    2.62385e+03     4.35000e-05     9.98810e-02     7.25000e+02
    2.62395e+03     4.54200e-05     1.00101e-01     7.57000e+02
    2.62405e+03     4.39800e-05     1.00009e-01     7.33000e+02
    2.62415e+03     4.65600e-05     9.99341e-02     7.76000e+02
    2.62425e+03     4.42200e-05     1.00138e-01     7.37000e+02
    2.62435e+03     4.61400e-05     1.00054e-01     7.69000e+02
    2.62445e+03     4.44000e-05     9.98778e-02     7.40000e+02
    2.62455e+03     4.60200e-05     1.00162e-01     7.67000e+02
    2.62465e+03     4.23000e-05     9.99991e-02     7.05000e+02
    2.62475e+03     4.47600e-05     9.98651e-02     7.46000e+02
    2.62485e+03     4.35600e-05     9.99339e-02     7.26000e+02
    2.62495e+03     4.62000e-05     1.00158e-01     7.70000e+02
    2.62505e+03     4.60800e-05     9.99145e-02     7.68000e+02
    2.62515e+03     4.29000e-05     1.00054e-01     7.15000e+02
    2.62525e+03     4.61400e-05     9.99970e-02     7.69000e+02
    2.62535e+03     4.62600e-05     1.00085e-01     7.71000e+02
    2.62545e+03     4.41000e-05     9.99767e-02     7.35000e+02
    2.62555e+03     4.73400e-05     9.99294e-02     7.89000e+02
    2.62565e+03     4.43400e-05     1.00203e-01     7.39000e+02
    2.62575e+03     4.42800e-05     1.00000e-01     7.38000e+02
    2.62585e+03     4.56600e-05     1.00000e-01     7.61000e+02
    2.62595e+03     4.29000e-05     9.99686e-02     7.15000e+02
    2.62605e+03     4.72200e-05     1.00021e-01     7.87000e+02
    2.62615e+03     4.73400e-05     9.99934e-02     7.89000e+02
    2.62625e+03     4.48800e-05     1.00190e-01     7.48000e+02
    2.62635e+03     4.46400e-05     1.00005e-01     7.44000e+02
    2.62645e+03     4.36200e-05     9.99850e-02     7.27000e+02
    2.62655e+03     4.21800e-05     1.00127e-01     7.03000e+02
    2.62665e+03     4.77600e-05     9.99213e-02     7.96000e+02
    2.62675e+03     4.53600e-05     1.00069e-01     7.56000e+02
    2.62685e+03     4.62000e-05     1.00120e-01     7.70000e+02
    2.62695e+03     4.51800e-05     9.99827e-02     7.53000e+02
    2.62705e+03     4.61400e-05     1.00024e-01     7.69000e+02
    2.62715e+03     4.60800e-05     1.00194e-01     7.68000e+02
    2.62725e+03     4.39800e-05     1.00009e-01     7.33000e+02
    2.62735e+03     4.28400e-05     1.00134e-01     7.14000e+02
    2.62745e+03     4.48200e-05     1.00150e-01     7.47000e+02
    2.62755e+03     4.44600e-05     1.00054e-01     7.41000e+02
    2.62765e+03     4.49400e-05     1.00151e-01     7.49000e+02
    2.62775e+03     4.06200e-05     1.00044e-01     6.77000e+02
    2.62785e+03     4.72200e-05     9.98675e-02     7.87000e+02
    2.62795e+03     4.33800e-05     9.99220e-02     7.23000e+02
    2.62805e+03     4.33800e-05     9.98911e-02     7.23000e+02
    2.62815e+03     4.33200e-05     1.00234e-01     7.22000e+02
    2.62825e+03     4.42200e-05     9.99128e-02     7.37000e+02
    2.62835e+03     4.24200e-05     1.00051e-01     7.07000e+02
    2.62845e+03     4.37400e-05     9.99570e-02     7.29000e+02
    2.62855e+03     4.16400e-05     9.99762e-02     6.94000e+02
    2.62865e+03     4.53000e-05     9.99188e-02     7.55000e+02
    2.62875e+03     4.51200e-05     1.00030e-01     7.52000e+02
    2.62885e+03     4.38600e-05     9.99700e-02     7.31000e+02
    2.62895e+03     4.21200e-05     1.00099e-01     7.02000e+02
    2.62905e+03     4.29600e-05     1.00099e-01     7.16000e+02
    2.62915e+03     4.26600e-05     1.00073e-01     7.11000e+02
    2.62925e+03     4.55400e-05     1.00043e-01     7.59000e+02
    2.62935e+03     4.38000e-05     9.98029e-02     7.30000e+02
    2.62945e+03     4.20600e-05     9.99716e-02     7.01000e+02
    2.62955e+03     4.27800e-05     1.00136e-01     7.13000e+02
    2.62965e+03     4.57800e-05     9.99727e-02     7.63000e+02
    2.62975e+03     4.04400e-05     1.00072e-01     6.74000e+02
    2.62985e+03     4.48800e-05     1.00028e-01     7.48000e+02
    2.62995e+03     4.50600e-05     1.00014e-01     7.51000e+02
    2.63005e+03     4.55400e-05     1.00208e-01     7.59000e+02
    2.63015e+03     4.51800e-05     9.99296e-02     7.53000e+02
    2.63025e+03     4.30200e-05     9.98460e-02     7.17000e+02
    2.63035e+03     4.37400e-05     9.99451e-02     7.29000e+02
    2.63045e+03     4.41600e-05     1.00062e-01     7.36000e+02
    2.63055e+03     4.64400e-05     1.00037e-01     7.74000e+02
    2.63065e+03     4.50000e-05     9.99388e-02     7.50000e+02
    2.63075e+03     4.40400e-05     1.00115e-01     7.34000e+02
    2.63085e+03     4.41600e-05     9.99743e-02     7.36000e+02
    2.63095e+03     4.36200e-05     1.00087e-01     7.27000e+02
    2.63105e+03     4.30200e-05     9.99344e-02     7.17000e+02
    2.63115e+03     4.50600e-05     9.98525e-02     7.51000e+02
    2.63125e+03     4.30200e-05     1.00197e-01     7.17000e+02
    2.63135e+03     4.57200e-05     9.98665e-02     7.62000e+02
    2.63145e+03     4.47000e-05     9.98667e-02     7.45000e+02
    2.63155e+03     4.66800e-05     1.00102e-01     7.78000e+02
    2.63165e+03     4.76400e-05     9.98491e-02     7.94000e+02
    2.63175e+03     4.63200e-05     9.99056e-02     7.72000e+02
    2.63185e+03     4.60200e-05     1.00035e-01     7.67000e+02
    2.63195e+03     4.45200e-05     1.00002e-01     7.42000e+02
    2.63205e+03     4.18800e-05     9.98986e-02     6.98000e+02
    2.63215e+03     4.50600e-05     9.99022e-02     7.51000e+02
    2.63225e+03     4.34400e-05     1.00097e-01     7.24000e+02
    2.63235e+03     4.54800e-05     9.99156e-02     7.58000e+02
    2.63245e+03     4.17600e-05     9.99562e-02     6.96000e+02
    2.63255e+03     4.50000e-05     1.00049e-01     7.50000e+02
    2.63265e+03     4.71000e-05     1.00002e-01     7.85000e+02
    2.63275e+03     4.74600e-05     1.00060e-01     7.91000e+02
    2.63285e+03     4.59600e-05     9.98173e-02     7.66000e+02
    2.63295e+03     4.39200e-05     1.00015e-01     7.32000e+02
    2.63305e+03     4.49400e-05     1.00043e-01     7.49000e+02
    2.63315e+03     4.42200e-05     9.99427e-02     7.37000e+02
    2.63325e+03     4.44000e-05     1.00044e-01     7.40000e+02
    2.63335e+03     4.32600e-05     9.99294e-02     7.21000e+02
    2.63345e+03     4.51800e-05     9.98696e-02     7.53000e+02
    2.63355e+03     4.44600e-05     9.99188e-02     7.41000e+02
    2.63365e+03     4.41000e-05     9.98431e-02     7.35000e+02
    2.63375e+03     4.29000e-05     1.00128e-01     7.15000e+02
    2.63385e+03     4.27200e-05     9.98667e-02     7.12000e+02
    2.63395e+03     4.30800e-05     1.00124e-01     7.18000e+02
    2.63405e+03     4.09200e-05     1.00022e-01     6.82000e+02
    2.63415e+03     3.94200e-05     9.99335e-02     6.57000e+02
    2.63425e+03     4.50000e-05     1.00021e-01     7.50000e+02
    2.63435e+03     4.40400e-05     1.00146e-01     7.34000e+02
    2.63445e+03     4.17000e-05     9.99423e-02     6.95000e+02
    2.63455e+03     4.63800e-05     9.99572e-02     7.73000e+02
    2.63465e+03     4.33800e-05     1.00121e-01     7.23000e+02
    2.63475e+03     4.68000e-05     1.00197e-01     7.80000e+02
    2.63485e+03     4.11600e-05     9.99989e-02     6.86000e+02
    2.63495e+03     4.56600e-05     1.00066e-01     7.61000e+02
