    2.57505e+03     4.93920e-02     5.43840e-03     1.64640e+04
    2.57515e+03     4.87110e-02     5.01600e-03     1.62370e+04
    2.57525e+03     5.02410e-02     5.28960e-03     1.67470e+04
    2.57535e+03     4.89660e-02     4.41600e-03     1.63220e+04
    2.57545e+03     4.92660e-02     5.00640e-03     1.64220e+04
    2.57555e+03     4.96290e-02     5.01600e-03     1.65430e+04
    2.57565e+03     4.93590e-02     5.13120e-03     1.64530e+04
    2.57575e+03     4.93020e-02     5.13600e-03     1.64340e+04
    2.57585e+03     4.94040e-02     4.54560e-03     1.64680e+04
    2.57595e+03     5.00490e-02     4.87200e-03     1.66830e+04
    2.57605e+03     4.98540e-02     5.04960e-03     1.66180e+04
    2.57615e+03     4.89990e-02     4.93920e-03     1.63330e+04
    2.57625e+03     4.95210e-02     4.93920e-03     1.65070e+04
    2.57635e+03     4.93680e-02     5.04480e-03     1.64560e+04
    2.57645e+03     4.83060e-02     4.79520e-03     1.61020e+04
    2.57655e+03     4.94880e-02     4.69440e-03     1.64960e+04
    2.57665e+03     4.90200e-02     5.11200e-03     1.63400e+04
    2.57675e+03     4.85310e-02     4.68480e-03     1.61770e+04
    2.57685e+03     4.90530e-02     4.67520e-03     1.63510e+04
    2.57695e+03     4.85610e-02     4.75680e-03     1.61870e+04
    2.57705e+03     4.95600e-02     4.86720e-03     1.65200e+04
    2.57715e+03     4.99470e-02     4.80480e-03     1.66490e+04
    2.57725e+03     5.01180e-02     4.81440e-03     1.67060e+04
    2.57735e+03     4.94160e-02     5.16480e-03     1.64720e+04
    2.57745e+03     4.92960e-02     4.90560e-03     1.64320e+04
    2.57755e+03     4.97220e-02     5.12640e-03     1.65740e+04
    2.57765e+03     4.89060e-02     4.98720e-03     1.63020e+04
    2.57775e+03     4.94550e-02     4.94880e-03     1.64850e+04
    2.57785e+03     5.01750e-02     5.04000e-03     1.67250e+04
    2.57795e+03     4.94940e-02     4.80000e-03     1.64980e+04
    2.57805e+03     4.89180e-02     5.01120e-03     1.63060e+04
    2.57815e+03     4.83480e-02     4.82400e-03     1.61160e+04
    2.57825e+03     4.88910e-02     4.88160e-03     1.62970e+04
    2.57835e+03     4.89030e-02     4.97760e-03     1.63010e+04
    2.57845e+03     4.90230e-02     4.86720e-03     1.63410e+04
    2.57855e+03     4.88250e-02     4.81440e-03     1.62750e+04
    2.57865e+03     4.92990e-02     5.04000e-03     1.64330e+04
    2.57875e+03     4.88550e-02     5.04480e-03     1.62850e+04
    2.57885e+03     4.90890e-02     4.80960e-03     1.63630e+04
    2.57895e+03     4.91400e-02     4.91040e-03     1.63800e+04
    2.57905e+03     4.87020e-02     4.92960e-03     1.62340e+04
    2.57915e+03     4.88100e-02     4.82880e-03     1.62700e+04
    2.57925e+03     4.91340e-02     4.84320e-03     1.63780e+04
    2.57935e+03     4.86000e-02     5.15520e-03     1.62000e+04
    2.57945e+03     4.87470e-02     4.94880e-03     1.62490e+04
    2.57955e+03     4.87260e-02     5.08320e-03     1.62420e+04
    2.57965e+03     4.91460e-02     4.78560e-03     1.63820e+04
    2.57975e+03     4.95210e-02     5.12640e-03     1.65070e+04
    2.57985e+03     4.85640e-02     5.23200e-03     1.61880e+04
    2.57995e+03     4.87500e-02     4.51680e-03     1.62500e+04
    2.58005e+03     4.94640e-02     5.03520e-03     1.64880e+04
    2.58015e+03     4.84110e-02     4.71360e-03     1.61370e+04
    2.58025e+03     4.88730e-02     5.02080e-03     1.62910e+04
    2.58035e+03     4.85640e-02     4.92480e-03     1.61880e+04
    2.58045e+03     4.90230e-02     4.88160e-03     1.63410e+04
    2.58055e+03     4.88880e-02     4.96320e-03     1.62960e+04
    2.58065e+03     4.92480e-02     4.75680e-03     1.64160e+04
    2.58075e+03     4.83120e-02     4.67040e-03     1.61040e+04
    2.58085e+03     4.86690e-02     4.72320e-03     1.62230e+04
    2.58095e+03     4.86750e-02     4.85760e-03     1.62250e+04
    2.58105e+03     4.83840e-02     4.93920e-03     1.61280e+04
    2.58115e+03     4.88100e-02     4.87680e-03     1.62700e+04
    2.58125e+03     4.79700e-02     4.64640e-03     1.59900e+04
    2.58135e+03     4.87770e-02     4.91040e-03     1.62590e+04
    2.58145e+03     4.88820e-02     4.78080e-03     1.62940e+04
    2.58155e+03     4.80600e-02     4.84800e-03     1.60200e+04
    2.58165e+03     4.78800e-02     4.74240e-03     1.59600e+04
    2.58175e+03     4.78590e-02     4.58400e-03     1.59530e+04
    2.58185e+03     4.81020e-02     4.51200e-03     1.60340e+04
    2.58195e+03     4.78560e-02     4.53120e-03     1.59520e+04
    2.58205e+03     4.87380e-02     4.86240e-03     1.62460e+04
    2.58215e+03     4.87530e-02     4.78560e-03     1.62510e+04
    2.58225e+03     4.84710e-02     4.92480e-03     1.61570e+04
    2.58235e+03     4.77000e-02     4.83840e-03     1.59000e+04
    2.58245e+03     4.77540e-02     4.88640e-03     1.59180e+04
    2.58255e+03     4.81140e-02     5.11200e-03     1.60380e+04
    2.58265e+03     4.86240e-02     4.95840e-03     1.62080e+04
    2.58275e+03     4.77150e-02     4.75680e-03     1.59050e+04
    2.58285e+03     4.80060e-02     4.68960e-03     1.60020e+04
    2.58295e+03     4.76010e-02     4.95840e-03     1.58670e+04
    2.58305e+03     4.77540e-02     4.85280e-03     1.59180e+04
    2.58315e+03     4.71720e-02     4.57440e-03     1.57240e+04
    2.58325e+03     4.71720e-02     4.65600e-03     1.57240e+04
    2.58335e+03     4.69290e-02     4.51200e-03     1.56430e+04
    2.58345e+03     4.65390e-02     4.50720e-03     1.55130e+04
    2.58355e+03     4.68660e-02     4.69920e-03     1.56220e+04
    2.58365e+03     4.70970e-02     4.64160e-03     1.56990e+04
    2.58375e+03     4.64610e-02     4.59360e-03     1.54870e+04
    2.58385e+03     4.60470e-02     4.45440e-03     1.53490e+04
    2.58395e+03     4.69470e-02     4.72320e-03     1.56490e+04
    2.58405e+03     4.63290e-02     4.61280e-03     1.54430e+04
    2.58415e+03     4.55400e-02     4.56480e-03     1.51800e+04
    2.58425e+03     4.58610e-02     4.68480e-03     1.52870e+04
    2.58435e+03     4.54560e-02     4.64640e-03     1.51520e+04
    2.58445e+03     4.47090e-02     4.44480e-03     1.49030e+04
    2.58455e+03     4.43670e-02     4.32000e-03     1.47890e+04
    2.58465e+03     4.41660e-02     4.32480e-03     1.47220e+04
    2.58475e+03     4.36410e-02     4.46880e-03     1.45470e+04
    2.58485e+03     4.28970e-02     4.23360e-03     1.42990e+04
    2.58495e+03     4.21890e-02     3.95520e-03     1.40630e+04
    2.58505e+03     4.17810e-02     4.05120e-03     1.39270e+04
    2.58515e+03     4.08840e-02     4.22880e-03     1.36280e+04
    2.58525e+03     3.96930e-02     3.97920e-03     1.32310e+04
    2.58535e+03     3.86460e-02     4.07040e-03     1.28820e+04
    2.58545e+03     3.67710e-02     3.59040e-03     1.22570e+04
    2.58555e+03     3.46140e-02     3.40800e-03     1.15380e+04
    2.58565e+03     3.17760e-02     3.07680e-03     1.05920e+04
    2.58575e+03     2.90310e-02     2.79360e-03     9.67700e+03
    2.58585e+03     2.51430e-02     2.45280e-03     8.38100e+03
    2.58595e+03     2.12550e-02     1.79040e-03     7.08500e+03
    2.58605e+03     1.71570e-02     1.51200e-03     5.71900e+03
    2.58615e+03     1.82160e-02     1.39680e-03     6.07200e+03
    2.58625e+03     2.72760e-02     2.19840e-03     9.09200e+03
    2.58635e+03     4.21950e-02     3.91680e-03     1.40650e+04
    2.58645e+03     4.99950e-02     4.81920e-03     1.66650e+04
    2.58655e+03     5.13930e-02     4.78560e-03     1.71310e+04
    2.58665e+03     5.06820e-02     4.73280e-03     1.68940e+04
    2.58675e+03     5.06520e-02     5.06880e-03     1.68840e+04
    2.58685e+03     5.05890e-02     4.75680e-03     1.68630e+04
    2.58695e+03     5.09550e-02     4.95840e-03     1.69850e+04
    2.58705e+03     5.01930e-02     4.69920e-03     1.67310e+04
    2.58715e+03     5.03730e-02     4.92480e-03     1.67910e+04
    2.58725e+03     4.98480e-02     4.89120e-03     1.66160e+04
    2.58735e+03     4.94820e-02     4.95840e-03     1.64940e+04
    2.58745e+03     4.94430e-02     4.91040e-03     1.64810e+04
    2.58755e+03     4.92060e-02     4.63680e-03     1.64020e+04
    2.58765e+03     4.96860e-02     5.03520e-03     1.65620e+04
    2.58775e+03     4.94220e-02     4.63200e-03     1.64740e+04
    2.58785e+03     4.90590e-02     4.60320e-03     1.63530e+04
    2.58795e+03     4.93860e-02     4.93440e-03     1.64620e+04
    2.58805e+03     4.95780e-02     4.96320e-03     1.65260e+04
    2.58815e+03     4.94340e-02     4.98240e-03     1.64780e+04
    2.58825e+03     4.98690e-02     4.85760e-03     1.66230e+04
    2.58835e+03     4.96170e-02     5.01600e-03     1.65390e+04
    2.58845e+03     4.99860e-02     5.16960e-03     1.66620e+04
    2.58855e+03     4.98420e-02     4.84800e-03     1.66140e+04
    2.58865e+03     4.92780e-02     4.75680e-03     1.64260e+04
    2.58875e+03     4.90470e-02     5.02560e-03     1.63490e+04
    2.58885e+03     4.95900e-02     5.01600e-03     1.65300e+04
    2.58895e+03     5.02770e-02     5.01600e-03     1.67590e+04
    2.58905e+03     4.90590e-02     4.84800e-03     1.63530e+04
    2.58915e+03     4.98570e-02     5.14560e-03     1.66190e+04
    2.58925e+03     4.83570e-02     5.10720e-03     1.61190e+04
    2.58935e+03     4.90530e-02     4.78080e-03     1.63510e+04
    2.58945e+03     5.03040e-02     4.71360e-03     1.67680e+04
    2.58955e+03     4.91820e-02     5.00160e-03     1.63940e+04
    2.58965e+03     4.98000e-02     5.04960e-03     1.66000e+04
    2.58975e+03     4.98300e-02     4.92960e-03     1.66100e+04
    2.58985e+03     4.89630e-02     4.75680e-03     1.63210e+04
    2.58995e+03     4.96200e-02     4.77600e-03     1.65400e+04
    2.59005e+03     4.93620e-02     4.71840e-03     1.64540e+04
    2.59015e+03     5.01150e-02     5.08320e-03     1.67050e+04
    2.59025e+03     4.97970e-02     5.01600e-03     1.65990e+04
    2.59035e+03     4.91850e-02     4.93920e-03     1.63950e+04
    2.59045e+03     4.92660e-02     5.04000e-03     1.64220e+04
    2.59055e+03     4.97250e-02     4.65600e-03     1.65750e+04
    2.59065e+03     4.89990e-02     4.75680e-03     1.63330e+04
    2.59075e+03     4.95960e-02     4.95840e-03     1.65320e+04
    2.59085e+03     4.89600e-02     4.94400e-03     1.63200e+04
    2.59095e+03     4.95780e-02     4.74720e-03     1.65260e+04
    2.59105e+03     4.91040e-02     5.02080e-03     1.63680e+04
    2.59115e+03     4.97700e-02     4.89600e-03     1.65900e+04
    2.59125e+03     4.95780e-02     4.63680e-03     1.65260e+04
    2.59135e+03     4.91610e-02     4.92000e-03     1.63870e+04
    2.59145e+03     4.92930e-02     4.55520e-03     1.64310e+04
    2.59155e+03     4.90500e-02     4.74240e-03     1.63500e+04
    2.59165e+03     4.80780e-02     4.70880e-03     1.60260e+04
    2.59175e+03     4.80570e-02     4.76640e-03     1.60190e+04
    2.59185e+03     4.85190e-02     4.66080e-03     1.61730e+04
    2.59195e+03     4.83420e-02     5.29440e-03     1.61140e+04
    2.59205e+03     4.84740e-02     4.79040e-03     1.61580e+04
    2.59215e+03     4.84890e-02     5.09280e-03     1.61630e+04
    2.59225e+03     4.81500e-02     4.99200e-03     1.60500e+04
    2.59235e+03     4.77900e-02     4.54560e-03     1.59300e+04
    2.59245e+03     4.77960e-02     4.55520e-03     1.59320e+04
    2.59255e+03     4.89210e-02     4.84320e-03     1.63070e+04
    2.59265e+03     4.79250e-02     4.75200e-03     1.59750e+04
    2.59275e+03     4.77120e-02     4.70880e-03     1.59040e+04
    2.59285e+03     4.68270e-02     4.63200e-03     1.56090e+04
    2.59295e+03     4.79850e-02     4.55040e-03     1.59950e+04
    2.59305e+03     4.74540e-02     4.56480e-03     1.58180e+04
    2.59315e+03     4.76790e-02     4.75680e-03     1.58930e+04
    2.59325e+03     4.75740e-02     4.64160e-03     1.58580e+04
    2.59335e+03     4.78320e-02     4.56000e-03     1.59440e+04
    2.59345e+03     4.85280e-02     4.80960e-03     1.61760e+04
    2.59355e+03     4.76310e-02     4.91040e-03     1.58770e+04
    2.59365e+03     4.73160e-02     4.78080e-03     1.57720e+04
    2.59375e+03     4.72950e-02     4.61280e-03     1.57650e+04
    2.59385e+03     4.78140e-02     5.03520e-03     1.59380e+04
    2.59395e+03     4.71870e-02     4.76160e-03     1.57290e+04
    2.59405e+03     4.77930e-02     4.68000e-03     1.59310e+04
    2.59415e+03     4.70760e-02     4.61760e-03     1.56920e+04
    2.59425e+03     4.71120e-02     4.76640e-03     1.57040e+04
    2.59435e+03     4.72380e-02     4.81920e-03     1.57460e+04
    2.59445e+03     4.74330e-02     4.68960e-03     1.58110e+04
    2.59455e+03     4.74960e-02     4.60320e-03     1.58320e+04
    2.59465e+03     4.68120e-02     4.43040e-03     1.56040e+04
    2.59475e+03     4.72620e-02     4.60800e-03     1.57540e+04
    2.59485e+03     4.70940e-02     4.66080e-03     1.56980e+04
    2.59495e+03     4.66080e-02     4.61280e-03     1.55360e+04
    2.59505e+03     4.64880e-02     4.91040e-03     1.54960e+04
    2.59515e+03     4.69020e-02     4.59840e-03     1.56340e+04
    2.59525e+03     4.65270e-02     4.69440e-03     1.55090e+04
    2.59535e+03     4.60620e-02     4.57920e-03     1.53540e+04
    2.59545e+03     4.67010e-02     4.53600e-03     1.55670e+04
    2.59555e+03     4.63500e-02     4.54080e-03     1.54500e+04
    2.59565e+03     4.67850e-02     4.49280e-03     1.55950e+04
    2.59575e+03     4.55130e-02     4.25760e-03     1.51710e+04
    2.59585e+03     4.58130e-02     4.54080e-03     1.52710e+04
    2.59595e+03     4.58790e-02     4.50240e-03     1.52930e+04
    2.59605e+03     4.51800e-02     4.31040e-03     1.50600e+04
    2.59615e+03     4.47780e-02     4.29600e-03     1.49260e+04
    2.59625e+03     4.55490e-02     4.50720e-03     1.51830e+04
    2.59635e+03     4.54830e-02     4.70880e-03     1.51610e+04
    2.59645e+03     4.41240e-02     4.19040e-03     1.47080e+04
    2.59655e+03     4.47960e-02     4.64640e-03     1.49320e+04
    2.59665e+03     4.41540e-02     4.36320e-03     1.47180e+04
    2.59675e+03     4.37400e-02     4.35360e-03     1.45800e+04
    2.59685e+03     4.37430e-02     4.08480e-03     1.45810e+04
    2.59695e+03     4.28580e-02     4.13280e-03     1.42860e+04
    2.59705e+03     4.30680e-02     4.11360e-03     1.43560e+04
    2.59715e+03     4.26540e-02     3.99360e-03     1.42180e+04
    2.59725e+03     4.27290e-02     4.16160e-03     1.42430e+04
    2.59735e+03     4.24530e-02     3.88320e-03     1.41510e+04
    2.59745e+03     4.14960e-02     3.97920e-03     1.38320e+04
    2.59755e+03     4.11360e-02     4.13280e-03     1.37120e+04
    2.59765e+03     4.03410e-02     3.65280e-03     1.34470e+04
    2.59775e+03     3.92130e-02     3.79680e-03     1.30710e+04
    2.59785e+03     3.95460e-02     3.47520e-03     1.31820e+04
    2.59795e+03     3.83190e-02     3.52320e-03     1.27730e+04
    2.59805e+03     3.68130e-02     3.11520e-03     1.22710e+04
    2.59815e+03     3.57420e-02     3.34080e-03     1.19140e+04
    2.59825e+03     3.52890e-02     3.21120e-03     1.17630e+04
    2.59835e+03     3.41760e-02     3.11520e-03     1.13920e+04
    2.59845e+03     3.28470e-02     2.80320e-03     1.09490e+04
    2.59855e+03     3.14400e-02     2.84160e-03     1.04800e+04
    2.59865e+03     2.89080e-02     2.26080e-03     9.63600e+03
    2.59875e+03     2.76420e-02     2.22720e-03     9.21400e+03
    2.59885e+03     2.58630e-02     1.94880e-03     8.62100e+03
    2.59895e+03     2.37510e-02     1.66080e-03     7.91700e+03
    2.59905e+03     2.17320e-02     1.38240e-03     7.24400e+03
    2.59915e+03     1.94820e-02     9.79200e-04     6.49400e+03
    2.59925e+03     1.74300e-02     6.67200e-04     5.81000e+03
    2.59935e+03     1.57470e-02     4.17600e-04     5.24900e+03
    2.59945e+03     1.35810e-02     1.92000e-04     4.52700e+03
    2.59955e+03     1.33050e-02     1.00800e-04     4.43500e+03
    2.59965e+03     1.36980e-02     3.84000e-05     4.56600e+03
    2.59975e+03     1.72710e-02     2.97600e-04     5.75700e+03
    2.59985e+03     3.38100e-02     1.79520e-03     1.12700e+04
    2.59995e+03     5.47950e-02     4.18560e-03     1.82650e+04
    2.60005e+03     5.95560e-02     4.87680e-03     1.98520e+04
    2.60015e+03     5.94090e-02     4.66560e-03     1.98030e+04
    2.60025e+03     5.82840e-02     4.59840e-03     1.94280e+04
    2.60035e+03     5.93550e-02     4.86240e-03     1.97850e+04
    2.60045e+03     6.03390e-02     4.90560e-03     2.01130e+04
    2.60055e+03     6.04560e-02     4.91520e-03     2.01520e+04
    2.60065e+03     5.81580e-02     5.05920e-03     1.93860e+04
    2.60075e+03     5.62110e-02     4.98720e-03     1.87370e+04
    2.60085e+03     5.33850e-02     4.68000e-03     1.77950e+04
    2.60095e+03     5.32680e-02     4.77120e-03     1.77560e+04
    2.60105e+03     5.28300e-02     5.40000e-03     1.76100e+04
    2.60115e+03     5.25330e-02     4.49760e-03     1.75110e+04
    2.60125e+03     5.25570e-02     4.90560e-03     1.75190e+04
    2.60135e+03     5.16960e-02     5.12640e-03     1.72320e+04
    2.60145e+03     5.16630e-02     5.03520e-03     1.72210e+04
    2.60155e+03     5.09910e-02     5.12640e-03     1.69970e+04
    2.60165e+03     5.15310e-02     4.66560e-03     1.71770e+04
    2.60175e+03     5.18070e-02     4.82880e-03     1.72690e+04
    2.60185e+03     5.05530e-02     4.93440e-03     1.68510e+04
    2.60195e+03     5.04000e-02     5.22240e-03     1.68000e+04
    2.60205e+03     5.03850e-02     4.86720e-03     1.67950e+04
    2.60215e+03     5.02770e-02     4.69920e-03     1.67590e+04
    2.60225e+03     5.08020e-02     4.72800e-03     1.69340e+04
    2.60235e+03     5.04240e-02     4.68960e-03     1.68080e+04
    2.60245e+03     5.01900e-02     5.04960e-03     1.67300e+04
    2.60255e+03     5.06940e-02     5.06880e-03     1.68980e+04
    2.60265e+03     4.97880e-02     5.09280e-03     1.65960e+04
    2.60275e+03     4.92420e-02     4.92000e-03     1.64140e+04
    2.60285e+03     5.00310e-02     4.86240e-03     1.66770e+04
    2.60295e+03     5.00880e-02     4.82400e-03     1.66960e+04
    2.60305e+03     5.03520e-02     5.04000e-03     1.67840e+04
    2.60315e+03     4.94460e-02     4.98240e-03     1.64820e+04
    2.60325e+03     4.99950e-02     4.93440e-03     1.66650e+04
    2.60335e+03     4.96050e-02     4.80960e-03     1.65350e+04
    2.60345e+03     5.03460e-02     4.78560e-03     1.67820e+04
    2.60355e+03     4.95870e-02     4.83360e-03     1.65290e+04
    2.60365e+03     4.97010e-02     5.20800e-03     1.65670e+04
    2.60375e+03     4.89960e-02     4.92960e-03     1.63320e+04
    2.60385e+03     4.99140e-02     5.03040e-03     1.66380e+04
    2.60395e+03     4.94580e-02     4.91520e-03     1.64860e+04
    2.60405e+03     4.92480e-02     4.89120e-03     1.64160e+04
    2.60415e+03     4.94250e-02     4.85760e-03     1.64750e+04
    2.60425e+03     4.91070e-02     4.92000e-03     1.63690e+04
    2.60435e+03     4.94520e-02     4.57920e-03     1.64840e+04
    2.60445e+03     4.97970e-02     4.94880e-03     1.65990e+04
    2.60455e+03     4.94970e-02     4.98720e-03     1.64990e+04
    2.60465e+03     4.95030e-02     4.85280e-03     1.65010e+04
    2.60475e+03     5.00400e-02     5.01120e-03     1.66800e+04
    2.60485e+03     5.00970e-02     4.96800e-03     1.66990e+04
    2.60495e+03     4.96830e-02     4.80960e-03     1.65610e+04
    2.60505e+03     4.94910e-02     4.95840e-03     1.64970e+04
    2.60515e+03     4.88670e-02     5.04000e-03     1.62890e+04
    2.60525e+03     4.97610e-02     5.15040e-03     1.65870e+04
    2.60535e+03     4.91250e-02     4.91520e-03     1.63750e+04
    2.60545e+03     4.94430e-02     4.93920e-03     1.64810e+04
    2.60555e+03     4.90200e-02     4.93440e-03     1.63400e+04
    2.60565e+03     4.92450e-02     5.06400e-03     1.64150e+04
    2.60575e+03     4.97100e-02     4.87680e-03     1.65700e+04
    2.60585e+03     4.92480e-02     4.88640e-03     1.64160e+04
    2.60595e+03     4.92510e-02     4.89600e-03     1.64170e+04
    2.60605e+03     4.96020e-02     5.04960e-03     1.65340e+04
    2.60615e+03     4.84050e-02     4.93440e-03     1.61350e+04
    2.60625e+03     5.01390e-02     4.65600e-03     1.67130e+04
    2.60635e+03     4.92270e-02     4.95360e-03     1.64090e+04
    2.60645e+03     4.96050e-02     5.00640e-03     1.65350e+04
    2.60655e+03     4.95240e-02     4.91520e-03     1.65080e+04
    2.60665e+03     4.98540e-02     5.04480e-03     1.66180e+04
    2.60675e+03     5.01060e-02     5.27520e-03     1.67020e+04
    2.60685e+03     4.96710e-02     5.12160e-03     1.65570e+04
    2.60695e+03     4.97340e-02     4.90560e-03     1.65780e+04
    2.60705e+03     4.89540e-02     4.83360e-03     1.63180e+04
    2.60715e+03     4.97850e-02     5.00160e-03     1.65950e+04
    2.60725e+03     4.91250e-02     5.10720e-03     1.63750e+04
    2.60735e+03     4.96830e-02     5.18400e-03     1.65610e+04
    2.60745e+03     4.95180e-02     4.97280e-03     1.65060e+04
    2.60755e+03     4.92690e-02     4.87680e-03     1.64230e+04
    2.60765e+03     4.91430e-02     4.87680e-03     1.63810e+04
    2.60775e+03     4.95600e-02     4.71840e-03     1.65200e+04
    2.60785e+03     4.99710e-02     5.03040e-03     1.66570e+04
    2.60795e+03     4.96290e-02     4.83360e-03     1.65430e+04
    2.60805e+03     4.93860e-02     5.00160e-03     1.64620e+04
    2.60815e+03     4.97010e-02     4.87680e-03     1.65670e+04
    2.60825e+03     4.99440e-02     5.24640e-03     1.66480e+04
    2.60835e+03     4.90230e-02     4.66560e-03     1.63410e+04
    2.60845e+03     4.99110e-02     4.78080e-03     1.66370e+04
    2.60855e+03     4.91220e-02     4.76640e-03     1.63740e+04
    2.60865e+03     4.98750e-02     5.17920e-03     1.66250e+04
    2.60875e+03     4.95150e-02     4.94880e-03     1.65050e+04
    2.60885e+03     4.96920e-02     5.06400e-03     1.65640e+04
    2.60895e+03     4.88670e-02     5.06400e-03     1.62890e+04
    2.60905e+03     4.94880e-02     4.84800e-03     1.64960e+04
    2.60915e+03     4.96290e-02     4.92480e-03     1.65430e+04
    2.60925e+03     4.95570e-02     4.89120e-03     1.65190e+04
    2.60935e+03     4.92450e-02     4.87200e-03     1.64150e+04
    2.60945e+03     5.00490e-02     4.98240e-03     1.66830e+04
    2.60955e+03     4.96560e-02     4.88640e-03     1.65520e+04
    2.60965e+03     4.96260e-02     4.87680e-03     1.65420e+04
    2.60975e+03     4.98540e-02     5.12160e-03     1.66180e+04
    2.60985e+03     5.00490e-02     4.89120e-03     1.66830e+04
    2.60995e+03     4.92420e-02     4.96320e-03     1.64140e+04
    2.61005e+03     4.94340e-02     4.92960e-03     1.64780e+04
    2.61015e+03     4.97700e-02     5.25600e-03     1.65900e+04
    2.61025e+03     4.97550e-02     4.79040e-03     1.65850e+04
    2.61035e+03     4.93860e-02     4.58880e-03     1.64620e+04
    2.61045e+03     4.95000e-02     4.85280e-03     1.65000e+04
    2.61055e+03     5.00490e-02     4.92960e-03     1.66830e+04
    2.61065e+03     5.00910e-02     4.87680e-03     1.66970e+04
    2.61075e+03     4.95990e-02     4.68960e-03     1.65330e+04
    2.61085e+03     4.90740e-02     4.52160e-03     1.63580e+04
    2.61095e+03     4.97190e-02     4.96320e-03     1.65730e+04
    2.61105e+03     5.03550e-02     4.90080e-03     1.67850e+04
    2.61115e+03     5.08830e-02     5.09280e-03     1.69610e+04
    2.61125e+03     5.03130e-02     4.88160e-03     1.67710e+04
    2.61135e+03     4.96380e-02     4.82400e-03     1.65460e+04
    2.61145e+03     5.07630e-02     4.92000e-03     1.69210e+04
    2.61155e+03     5.14470e-02     4.87680e-03     1.71490e+04
    2.61165e+03     5.15190e-02     4.98720e-03     1.71730e+04
    2.61175e+03     5.19090e-02     5.28960e-03     1.73030e+04
    2.61185e+03     5.23890e-02     4.80480e-03     1.74630e+04
    2.61195e+03     5.30250e-02     5.26560e-03     1.76750e+04
    2.61205e+03     5.38140e-02     4.87680e-03     1.79380e+04
    2.61215e+03     5.56560e-02     4.96320e-03     1.85520e+04
    2.61225e+03     5.71740e-02     5.19840e-03     1.90580e+04
    2.61235e+03     5.67960e-02     4.89120e-03     1.89320e+04
    2.61245e+03     5.52540e-02     4.99200e-03     1.84180e+04
    2.61255e+03     5.39190e-02     4.99200e-03     1.79730e+04
    2.61265e+03     5.25870e-02     4.79520e-03     1.75290e+04
    2.61275e+03     5.22480e-02     4.87680e-03     1.74160e+04
    2.61285e+03     5.10450e-02     4.79040e-03     1.70150e+04
    2.61295e+03     5.17710e-02     4.98720e-03     1.72570e+04
    2.61305e+03     5.24910e-02     5.09760e-03     1.74970e+04
    2.61315e+03     5.05290e-02     5.20320e-03     1.68430e+04
    2.61325e+03     5.06340e-02     4.96320e-03     1.68780e+04
    2.61335e+03     5.04000e-02     5.16000e-03     1.68000e+04
    2.61345e+03     5.01330e-02     4.80480e-03     1.67110e+04
    2.61355e+03     4.98120e-02     5.07360e-03     1.66040e+04
    2.61365e+03     5.00040e-02     5.01120e-03     1.66680e+04
    2.61375e+03     4.96380e-02     4.84800e-03     1.65460e+04
    2.61385e+03     5.03880e-02     5.22240e-03     1.67960e+04
    2.61395e+03     4.91940e-02     4.57440e-03     1.63980e+04
    2.61405e+03     4.98030e-02     4.77600e-03     1.66010e+04
    2.61415e+03     4.96320e-02     4.92000e-03     1.65440e+04
    2.61425e+03     5.06820e-02     5.00160e-03     1.68940e+04
    2.61435e+03     5.00610e-02     5.08320e-03     1.66870e+04
    2.61445e+03     4.93440e-02     4.91520e-03     1.64480e+04
    2.61455e+03     4.95840e-02     4.93920e-03     1.65280e+04
    2.61465e+03     4.99200e-02     5.02080e-03     1.66400e+04
    2.61475e+03     4.96470e-02     4.89600e-03     1.65490e+04
    2.61485e+03     4.92240e-02     4.56000e-03     1.64080e+04
    2.61495e+03     4.89990e-02     4.83360e-03     1.63330e+04
    2.61505e+03     4.92690e-02     4.69440e-03     1.64230e+04
    2.61515e+03     5.01900e-02     4.99680e-03     1.67300e+04
    2.61525e+03     4.95120e-02     4.75200e-03     1.65040e+04
    2.61535e+03     4.92870e-02     5.02080e-03     1.64290e+04
    2.61545e+03     4.91400e-02     4.79040e-03     1.63800e+04
    2.61555e+03     4.87710e-02     4.76640e-03     1.62570e+04
    2.61565e+03     4.88670e-02     4.81440e-03     1.62890e+04
    2.61575e+03     4.93350e-02     4.81920e-03     1.64450e+04
    2.61585e+03     4.88220e-02     5.03040e-03     1.62740e+04
    2.61595e+03     4.86780e-02     4.77120e-03     1.62260e+04
    2.61605e+03     4.93860e-02     5.10720e-03     1.64620e+04
    2.61615e+03     4.87950e-02     5.04960e-03     1.62650e+04
    2.61625e+03     5.03040e-02     5.04480e-03     1.67680e+04
    2.61635e+03     4.97430e-02     5.05920e-03     1.65810e+04
    2.61645e+03     4.91910e-02     4.62720e-03     1.63970e+04
    2.61655e+03     5.03130e-02     4.92000e-03     1.67710e+04
    2.61665e+03     4.92270e-02     4.88640e-03     1.64090e+04
    2.61675e+03     4.93950e-02     5.02560e-03     1.64650e+04
    2.61685e+03     5.00250e-02     5.24640e-03     1.66750e+04
    2.61695e+03     4.90950e-02     4.91040e-03     1.63650e+04
    2.61705e+03     4.98600e-02     4.92960e-03     1.66200e+04
    2.61715e+03     4.88580e-02     5.20800e-03     1.62860e+04
    2.61725e+03     4.90140e-02     4.97760e-03     1.63380e+04
    2.61735e+03     4.87890e-02     4.58880e-03     1.62630e+04
    2.61745e+03     4.96260e-02     4.76640e-03     1.65420e+04
    2.61755e+03     4.93110e-02     5.09760e-03     1.64370e+04
    2.61765e+03     4.88430e-02     4.73760e-03     1.62810e+04
    2.61775e+03     4.92690e-02     5.16000e-03     1.64230e+04
    2.61785e+03     4.98240e-02     5.08800e-03     1.66080e+04
    2.61795e+03     4.92810e-02     4.98240e-03     1.64270e+04
    2.61805e+03     4.89780e-02     4.82880e-03     1.63260e+04
    2.61815e+03     4.91970e-02     4.93440e-03     1.63990e+04
    2.61825e+03     4.90440e-02     5.03040e-03     1.63480e+04
    2.61835e+03     4.90440e-02     4.94400e-03     1.63480e+04
    2.61845e+03     4.92960e-02     4.71360e-03     1.64320e+04
    2.61855e+03     4.85880e-02     4.78080e-03     1.61960e+04
    2.61865e+03     4.86030e-02     4.71840e-03     1.62010e+04
    2.61875e+03     4.91370e-02     4.96800e-03     1.63790e+04
    2.61885e+03     4.92510e-02     4.85280e-03     1.64170e+04
    2.61895e+03     4.96380e-02     5.04960e-03     1.65460e+04
    2.61905e+03     4.91070e-02     5.00640e-03     1.63690e+04
    2.61915e+03     4.93170e-02     4.91520e-03     1.64390e+04
    2.61925e+03     4.93650e-02     4.88640e-03     1.64550e+04
    2.61935e+03     4.90170e-02     4.71840e-03     1.63390e+04
    2.61945e+03     4.95780e-02     4.97760e-03     1.65260e+04
    2.61955e+03     4.92540e-02     4.83840e-03     1.64180e+04
    2.61965e+03     4.89330e-02     4.87680e-03     1.63110e+04
    2.61975e+03     4.92720e-02     4.87680e-03     1.64240e+04
    2.61985e+03     4.94160e-02     5.01600e-03     1.64720e+04
    2.61995e+03     4.88070e-02     5.05920e-03     1.62690e+04
    2.62005e+03     4.94100e-02     4.74240e-03     1.64700e+04
    2.62015e+03     4.90770e-02     4.95360e-03     1.63590e+04
    2.62025e+03     4.95000e-02     4.75680e-03     1.65000e+04
    2.62035e+03     4.93170e-02     5.09280e-03     1.64390e+04
    2.62045e+03     4.91790e-02     5.06880e-03     1.63930e+04
    2.62055e+03     4.90530e-02     4.93440e-03     1.63510e+04
    2.62065e+03     4.97460e-02     4.93920e-03     1.65820e+04
    2.62075e+03     4.95150e-02     4.73760e-03     1.65050e+04
    2.62085e+03     4.92780e-02     4.62720e-03     1.64260e+04
    2.62095e+03     4.93320e-02     4.96800e-03     1.64440e+04
    2.62105e+03     4.84290e-02     4.82880e-03     1.61430e+04
    2.62115e+03     4.86540e-02     4.88640e-03     1.62180e+04
    2.62125e+03     4.94910e-02     4.97760e-03     1.64970e+04
    2.62135e+03     4.93350e-02     4.83360e-03     1.64450e+04
    2.62145e+03     4.90470e-02     4.92960e-03     1.63490e+04
    2.62155e+03     4.97010e-02     4.86240e-03     1.65670e+04
    2.62165e+03     4.87050e-02     4.57440e-03     1.62350e+04
    2.62175e+03     4.94970e-02     4.79520e-03     1.64990e+04
    2.62185e+03     4.96650e-02     4.90560e-03     1.65550e+04
    2.62195e+03     4.93200e-02     4.79520e-03     1.64400e+04
    2.62205e+03     4.92600e-02     4.86240e-03     1.64200e+04
    2.62215e+03     4.95360e-02     4.81440e-03     1.65120e+04
    2.62225e+03     4.91850e-02     5.08320e-03     1.63950e+04
    2.62235e+03     5.02620e-02     4.81920e-03     1.67540e+04
    2.62245e+03     4.85070e-02     4.82400e-03     1.61690e+04
    2.62255e+03     4.93920e-02     5.00640e-03     1.64640e+04
    2.62265e+03     4.92780e-02     4.99680e-03     1.64260e+04
    2.62275e+03     4.91970e-02     4.88640e-03     1.63990e+04
    2.62285e+03     5.00580e-02     4.97760e-03     1.66860e+04
    2.62295e+03     4.96530e-02     5.11200e-03     1.65510e+04
    2.62305e+03     4.88940e-02     5.08320e-03     1.62980e+04
    2.62315e+03     4.93440e-02     5.09760e-03     1.64480e+04
    2.62325e+03     4.94910e-02     4.75680e-03     1.64970e+04
    2.62335e+03     4.93950e-02     5.00160e-03     1.64650e+04
    2.62345e+03     4.95540e-02     5.07840e-03     1.65180e+04
    2.62355e+03     4.93170e-02     4.80960e-03     1.64390e+04
    2.62365e+03     4.95540e-02     4.98720e-03     1.65180e+04
    2.62375e+03     4.99980e-02     5.00640e-03     1.66660e+04
    2.62385e+03     5.00490e-02     4.86240e-03     1.66830e+04
    2.62395e+03     4.92720e-02     4.99200e-03     1.64240e+04
    2.62405e+03     4.93500e-02     5.06400e-03     1.64500e+04
    2.62415e+03     4.89030e-02     4.64160e-03     1.63010e+04
    2.62425e+03     4.92750e-02     4.55040e-03     1.64250e+04
    2.62435e+03     4.95090e-02     4.81440e-03     1.65030e+04
    2.62445e+03     5.01300e-02     4.85760e-03     1.67100e+04
    2.62455e+03     4.97760e-02     4.87680e-03     1.65920e+04
    2.62465e+03     5.03730e-02     5.07360e-03     1.67910e+04
    2.62475e+03     4.96200e-02     4.87200e-03     1.65400e+04
    2.62485e+03     4.96620e-02     5.02080e-03     1.65540e+04
    2.62495e+03     5.01930e-02     4.75680e-03     1.67310e+04
    2.62505e+03     5.04360e-02     4.91040e-03     1.68120e+04
    2.62515e+03     5.04540e-02     4.81920e-03     1.68180e+04
    2.62525e+03     5.09280e-02     4.85280e-03     1.69760e+04
    2.62535e+03     5.11080e-02     4.83360e-03     1.70360e+04
    2.62545e+03     5.05020e-02     4.81440e-03     1.68340e+04
    2.62555e+03     5.10870e-02     4.99200e-03     1.70290e+04
    2.62565e+03     5.24640e-02     5.18880e-03     1.74880e+04
    2.62575e+03     5.28120e-02     4.90560e-03     1.76040e+04
    2.62585e+03     5.25600e-02     4.84800e-03     1.75200e+04
    2.62595e+03     5.58540e-02     4.98720e-03     1.86180e+04
    2.62605e+03     5.79810e-02     5.07360e-03     1.93270e+04
    2.62615e+03     5.68170e-02     4.82880e-03     1.89390e+04
    2.62625e+03     5.52300e-02     4.90560e-03     1.84100e+04
    2.62635e+03     5.39250e-02     4.94880e-03     1.79750e+04
    2.62645e+03     5.25990e-02     5.17920e-03     1.75330e+04
    2.62655e+03     5.26260e-02     5.13600e-03     1.75420e+04
    2.62665e+03     5.14830e-02     4.88160e-03     1.71610e+04
    2.62675e+03     5.16630e-02     5.03040e-03     1.72210e+04
    2.62685e+03     5.30940e-02     4.99200e-03     1.76980e+04
    2.62695e+03     5.05950e-02     5.02560e-03     1.68650e+04
    2.62705e+03     4.99020e-02     4.89600e-03     1.66340e+04
    2.62715e+03     5.05500e-02     5.14560e-03     1.68500e+04
    2.62725e+03     4.93380e-02     5.13120e-03     1.64460e+04
    2.62735e+03     5.00100e-02     5.17920e-03     1.66700e+04
    2.62745e+03     4.99290e-02     4.71840e-03     1.66430e+04
    2.62755e+03     4.91310e-02     4.76160e-03     1.63770e+04
    2.62765e+03     4.99860e-02     4.91520e-03     1.66620e+04
    2.62775e+03     4.93590e-02     5.04480e-03     1.64530e+04
    2.62785e+03     4.99020e-02     5.18880e-03     1.66340e+04
    2.62795e+03     5.00370e-02     4.91040e-03     1.66790e+04
    2.62805e+03     4.94970e-02     4.81440e-03     1.64990e+04
    2.62815e+03     4.93740e-02     4.94400e-03     1.64580e+04
    2.62825e+03     4.92750e-02     4.95360e-03     1.64250e+04
    2.62835e+03     4.95150e-02     4.86240e-03     1.65050e+04
    2.62845e+03     4.96110e-02     4.83840e-03     1.65370e+04
    2.62855e+03     4.99740e-02     5.12160e-03     1.66580e+04
    2.62865e+03     4.95810e-02     4.73280e-03     1.65270e+04
    2.62875e+03     4.94970e-02     4.90560e-03     1.64990e+04
    2.62885e+03     4.96020e-02     4.80000e-03     1.65340e+04
    2.62895e+03     5.01510e-02     4.95840e-03     1.67170e+04
    2.62905e+03     4.89120e-02     4.80960e-03     1.63040e+04
    2.62915e+03     4.92000e-02     4.72320e-03     1.64000e+04
    2.62925e+03     5.00520e-02     4.91040e-03     1.66840e+04
    2.62935e+03     4.91220e-02     4.77120e-03     1.63740e+04
    2.62945e+03     4.97460e-02     4.86720e-03     1.65820e+04
    2.62955e+03     4.94070e-02     4.66080e-03     1.64690e+04
    2.62965e+03     4.94820e-02     5.00160e-03     1.64940e+04
    2.62975e+03     5.00670e-02     5.08800e-03     1.66890e+04
    2.62985e+03     4.95990e-02     4.87680e-03     1.65330e+04
    2.62995e+03     4.94190e-02     4.85760e-03     1.64730e+04
    2.63005e+03     4.98090e-02     5.10240e-03     1.66030e+04
    2.63015e+03     4.94490e-02     4.87680e-03     1.64830e+04
    2.63025e+03     5.03160e-02     5.04480e-03     1.67720e+04
    2.63035e+03     4.97040e-02     4.91520e-03     1.65680e+04
    2.63045e+03     5.01330e-02     4.75680e-03     1.67110e+04
    2.63055e+03     4.98480e-02     4.94400e-03     1.66160e+04
    2.63065e+03     5.04960e-02     4.74240e-03     1.68320e+04
    2.63075e+03     5.00130e-02     4.98240e-03     1.66710e+04
    2.63085e+03     5.05800e-02     4.96800e-03     1.68600e+04
    2.63095e+03     5.06130e-02     5.10240e-03     1.68710e+04
    2.63105e+03     5.05470e-02     5.05920e-03     1.68490e+04
    2.63115e+03     5.02530e-02     4.99200e-03     1.67510e+04
    2.63125e+03     4.99110e-02     5.17440e-03     1.66370e+04
    2.63135e+03     5.13420e-02     4.84800e-03     1.71140e+04
    2.63145e+03     5.12880e-02     4.92960e-03     1.70960e+04
    2.63155e+03     5.14950e-02     4.94880e-03     1.71650e+04
    2.63165e+03     5.32230e-02     5.02080e-03     1.77410e+04
    2.63175e+03     5.34300e-02     4.84320e-03     1.78100e+04
    2.63185e+03     5.25810e-02     4.61280e-03     1.75270e+04
    2.63195e+03     5.23620e-02     4.78560e-03     1.74540e+04
    2.63205e+03     5.20830e-02     4.80000e-03     1.73610e+04
    2.63215e+03     5.11620e-02     4.97280e-03     1.70540e+04
    2.63225e+03     5.00160e-02     4.89120e-03     1.66720e+04
    2.63235e+03     5.05050e-02     5.10240e-03     1.68350e+04
    2.63245e+03     5.03250e-02     5.18880e-03     1.67750e+04
    2.63255e+03     5.05740e-02     4.92000e-03     1.68580e+04
    2.63265e+03     5.02170e-02     4.97760e-03     1.67390e+04
    2.63275e+03     4.97010e-02     4.82880e-03     1.65670e+04
    2.63285e+03     4.95300e-02     4.65120e-03     1.65100e+04
    2.63295e+03     5.02380e-02     5.21760e-03     1.67460e+04
    2.63305e+03     4.93650e-02     4.93920e-03     1.64550e+04
    2.63315e+03     4.89720e-02     4.79520e-03     1.63240e+04
    2.63325e+03     4.94940e-02     4.78080e-03     1.64980e+04
    2.63335e+03     4.93560e-02     5.06880e-03     1.64520e+04
    2.63345e+03     4.99140e-02     5.19360e-03     1.66380e+04
    2.63355e+03     4.87020e-02     4.70880e-03     1.62340e+04
    2.63365e+03     4.96110e-02     5.04960e-03     1.65370e+04
    2.63375e+03     5.00550e-02     5.06400e-03     1.66850e+04
    2.63385e+03     4.96470e-02     5.01600e-03     1.65490e+04
    2.63395e+03     4.94820e-02     4.85760e-03     1.64940e+04
    2.63405e+03     4.91790e-02     5.09760e-03     1.63930e+04
    2.63415e+03     5.02500e-02     4.87680e-03     1.67500e+04
    2.63425e+03     4.92780e-02     5.21280e-03     1.64260e+04
    2.63435e+03     4.87230e-02     4.74720e-03     1.62410e+04
    2.63445e+03     4.91460e-02     4.78560e-03     1.63820e+04
    2.63455e+03     4.95870e-02     4.79040e-03     1.65290e+04
    2.63465e+03     4.91010e-02     4.71840e-03     1.63670e+04
    2.63475e+03     4.97370e-02     4.79040e-03     1.65790e+04
    2.63485e+03     4.94940e-02     4.86240e-03     1.64980e+04
    2.63495e+03     4.91070e-02     5.10720e-03     1.63690e+04
