    2.78005e+03     4.48400e-05     9.98649e-02     1.12100e+03
    2.78015e+03     4.32000e-05     9.99255e-02     1.08000e+03
    2.78025e+03     4.43600e-05     9.99786e-02     1.10900e+03
    2.78035e+03     4.32400e-05     1.00022e-01     1.08100e+03
    2.78045e+03     4.40800e-05     1.00079e-01     1.10200e+03
    2.78055e+03     4.32800e-05     9.99406e-02     1.08200e+03
    2.78065e+03     4.43600e-05     1.00028e-01     1.10900e+03
    2.78075e+03     4.38800e-05     9.99473e-02     1.09700e+03
    2.78085e+03     4.37200e-05     9.99641e-02     1.09300e+03
    2.78095e+03     4.66800e-05     1.00029e-01     1.16700e+03
    2.78105e+03     4.04400e-05     1.00036e-01     1.01100e+03
    2.78115e+03     4.35200e-05     9.99064e-02     1.08800e+03
    2.78125e+03     4.24800e-05     1.00002e-01     1.06200e+03
    2.78135e+03     4.57200e-05     9.99973e-02     1.14300e+03
    2.78145e+03     4.71200e-05     9.99980e-02     1.17800e+03
    2.78155e+03     4.40800e-05     1.00012e-01     1.10200e+03
    2.78165e+03     4.21600e-05     1.00011e-01     1.05400e+03
    2.78175e+03     4.15600e-05     1.00026e-01     1.03900e+03
    2.78185e+03     4.40800e-05     1.00013e-01     1.10200e+03
    2.78195e+03     4.17600e-05     1.00090e-01     1.04400e+03
    2.78205e+03     4.56000e-05     9.99320e-02     1.14000e+03
    2.78215e+03     4.54400e-05     9.99617e-02     1.13600e+03
    2.78225e+03     4.45600e-05     9.99309e-02     1.11400e+03
    2.78235e+03     4.37200e-05     1.00003e-01     1.09300e+03
    2.78245e+03     4.70000e-05     1.00006e-01     1.17500e+03
    2.78255e+03     4.39600e-05     9.98796e-02     1.09900e+03
    2.78265e+03     4.42800e-05     9.99266e-02     1.10700e+03
    2.78275e+03     4.32000e-05     9.99907e-02     1.08000e+03
    2.78285e+03     4.45200e-05     1.00012e-01     1.11300e+03
    2.78295e+03     4.27200e-05     9.99211e-02     1.06800e+03
    2.78305e+03     4.39600e-05     1.00011e-01     1.09900e+03
    2.78315e+03     4.54400e-05     1.00042e-01     1.13600e+03
    2.78325e+03     4.36000e-05     9.99161e-02     1.09000e+03
    2.78335e+03     4.53600e-05     1.00018e-01     1.13400e+03
    2.78345e+03     4.02400e-05     9.98809e-02     1.00600e+03
    2.78355e+03     4.44400e-05     9.99581e-02     1.11100e+03
    2.78365e+03     4.51600e-05     9.99665e-02     1.12900e+03
    2.78375e+03     4.28400e-05     1.00070e-01     1.07100e+03
    2.78385e+03     4.27200e-05     9.99915e-02     1.06800e+03
    2.78395e+03     4.38800e-05     9.99289e-02     1.09700e+03
    2.78405e+03     4.85200e-05     1.00000e-01     1.21300e+03
    2.78415e+03     4.48800e-05     9.99644e-02     1.12200e+03
    2.78425e+03     4.43200e-05     9.99172e-02     1.10800e+03
    2.78435e+03     4.36800e-05     1.00052e-01     1.09200e+03
    2.78445e+03     4.32000e-05     9.99564e-02     1.08000e+03
    2.78455e+03     4.48800e-05     9.99868e-02     1.12200e+03
    2.78465e+03     4.60000e-05     9.99476e-02     1.15000e+03
    2.78475e+03     4.19200e-05     9.99943e-02     1.04800e+03
    2.78485e+03     4.33200e-05     1.00005e-01     1.08300e+03
    2.78495e+03     4.56400e-05     9.99932e-02     1.14100e+03
    2.78505e+03     4.45200e-05     1.00088e-01     1.11300e+03
    2.78515e+03     4.24000e-05     1.00098e-01     1.06000e+03
    2.78525e+03     4.36400e-05     1.00021e-01     1.09100e+03
    2.78535e+03     4.57200e-05     9.99254e-02     1.14300e+03
    2.78545e+03     4.15600e-05     9.98866e-02     1.03900e+03
    2.78555e+03     4.22800e-05     1.00129e-01     1.05700e+03
    2.78565e+03     4.22800e-05     1.00058e-01     1.05700e+03
    2.78575e+03     4.36000e-05     1.00052e-01     1.09000e+03
    2.78585e+03     4.35200e-05     9.99754e-02     1.08800e+03
    2.78595e+03     4.41200e-05     9.98514e-02     1.10300e+03
    2.78605e+03     4.60800e-05     9.99428e-02     1.15200e+03
    2.78615e+03     4.40800e-05     9.99783e-02     1.10200e+03
    2.78625e+03     4.50000e-05     1.00029e-01     1.12500e+03
    2.78635e+03     4.49200e-05     9.99347e-02     1.12300e+03
    2.78645e+03     4.30400e-05     1.00103e-01     1.07600e+03
    2.78655e+03     4.79200e-05     9.99987e-02     1.19800e+03
    2.78665e+03     4.56800e-05     1.00079e-01     1.14200e+03
    2.78675e+03     4.28800e-05     9.98651e-02     1.07200e+03
    2.78685e+03     4.36800e-05     1.00035e-01     1.09200e+03
    2.78695e+03     4.15600e-05     9.99855e-02     1.03900e+03
    2.78705e+03     4.30800e-05     9.99884e-02     1.07700e+03
    2.78715e+03     3.96000e-05     9.99815e-02     9.90000e+02
    2.78725e+03     4.13600e-05     9.99975e-02     1.03400e+03
    2.78735e+03     4.03200e-05     1.00030e-01     1.00800e+03
    2.78745e+03     3.77600e-05     1.00053e-01     9.44000e+02
    2.78755e+03     3.95200e-05     1.00012e-01     9.88000e+02
    2.78765e+03     3.66000e-05     1.00094e-01     9.15000e+02
    2.78775e+03     4.18000e-05     1.00027e-01     1.04500e+03
    2.78785e+03     3.91600e-05     1.00001e-01     9.79000e+02
    2.78795e+03     3.64800e-05     1.00001e-01     9.12000e+02
    2.78805e+03     3.80400e-05     1.00112e-01     9.51000e+02
    2.78815e+03     3.86400e-05     1.00034e-01     9.66000e+02
    2.78825e+03     3.77600e-05     9.99120e-02     9.44000e+02
    2.78835e+03     3.91600e-05     9.99425e-02     9.79000e+02
    2.78845e+03     3.76800e-05     1.00057e-01     9.42000e+02
    2.78855e+03     3.79600e-05     9.99514e-02     9.49000e+02
    2.78865e+03     3.61600e-05     1.00003e-01     9.04000e+02
    2.78875e+03     3.63200e-05     9.99191e-02     9.08000e+02
    2.78885e+03     3.78800e-05     9.99972e-02     9.47000e+02
    2.78895e+03     3.96800e-05     9.99978e-02     9.92000e+02
    2.78905e+03     3.73200e-05     1.00013e-01     9.33000e+02
    2.78915e+03     3.61200e-05     1.00004e-01     9.03000e+02
    2.78925e+03     3.68400e-05     9.99664e-02     9.21000e+02
    2.78935e+03     3.60400e-05     1.00044e-01     9.01000e+02
    2.78945e+03     3.65600e-05     1.00067e-01     9.14000e+02
    2.78955e+03     3.91200e-05     1.00098e-01     9.78000e+02
    2.78965e+03     3.83200e-05     1.00036e-01     9.58000e+02
    2.78975e+03     3.23200e-05     1.00075e-01     8.08000e+02
    2.78985e+03     3.56000e-05     9.99537e-02     8.90000e+02
    2.78995e+03     3.54400e-05     1.00014e-01     8.86000e+02
    2.79005e+03     3.58800e-05     9.99471e-02     8.97000e+02
    2.79015e+03     3.55600e-05     9.99209e-02     8.89000e+02
    2.79025e+03     3.51200e-05     1.00051e-01     8.78000e+02
    2.79035e+03     3.39600e-05     9.99422e-02     8.49000e+02
    2.79045e+03     3.45200e-05     1.00019e-01     8.63000e+02
    2.79055e+03     3.61200e-05     1.00047e-01     9.03000e+02
    2.79065e+03     3.28800e-05     9.99287e-02     8.22000e+02
    2.79075e+03     3.16400e-05     9.99271e-02     7.91000e+02
    2.79085e+03     3.29200e-05     1.00044e-01     8.23000e+02
    2.79095e+03     3.16400e-05     1.00021e-01     7.91000e+02
    2.79105e+03     3.34000e-05     9.99721e-02     8.35000e+02
    2.79115e+03     3.18000e-05     9.99918e-02     7.95000e+02
    2.79125e+03     3.33600e-05     9.99171e-02     8.34000e+02
    2.79135e+03     3.16000e-05     1.00022e-01     7.90000e+02
    2.79145e+03     3.22400e-05     9.99253e-02     8.06000e+02
    2.79155e+03     3.12400e-05     9.99939e-02     7.81000e+02
    2.79165e+03     2.94400e-05     9.98915e-02     7.36000e+02
    2.79175e+03     3.00400e-05     1.00021e-01     7.51000e+02
    2.79185e+03     2.94400e-05     9.99986e-02     7.36000e+02
    2.79195e+03     3.01200e-05     1.00005e-01     7.53000e+02
    2.79205e+03     2.79600e-05     1.00048e-01     6.99000e+02
    2.79215e+03     2.62400e-05     9.99748e-02     6.56000e+02
    2.79225e+03     2.87200e-05     9.98997e-02     7.18000e+02
    2.79235e+03     2.69600e-05     9.99600e-02     6.74000e+02
    2.79245e+03     2.68400e-05     9.99611e-02     6.71000e+02
    2.79255e+03     2.64400e-05     9.98387e-02     6.61000e+02
    2.79265e+03     2.36400e-05     9.98438e-02     5.91000e+02
    2.79275e+03     2.56800e-05     9.99607e-02     6.42000e+02
    2.79285e+03     2.52000e-05     9.97791e-02     6.30000e+02
    2.79295e+03     2.33600e-05     9.99354e-02     5.84000e+02
    2.79305e+03     2.20800e-05     9.98964e-02     5.52000e+02
    2.79315e+03     2.36000e-05     9.98790e-02     5.90000e+02
    2.79325e+03     2.36800e-05     9.98284e-02     5.92000e+02
    2.79335e+03     2.15200e-05     9.97950e-02     5.38000e+02
    2.79345e+03     2.15600e-05     9.97998e-02     5.39000e+02
    2.79355e+03     1.84800e-05     9.97910e-02     4.62000e+02
    2.79365e+03     1.76400e-05     9.98507e-02     4.41000e+02
    2.79375e+03     1.87600e-05     9.96657e-02     4.69000e+02
    2.79385e+03     1.73200e-05     9.97031e-02     4.33000e+02
    2.79395e+03     1.80800e-05     9.97199e-02     4.52000e+02
    2.79405e+03     1.66400e-05     9.96826e-02     4.16000e+02
    2.79415e+03     1.70400e-05     9.96550e-02     4.26000e+02
    2.79425e+03     1.45200e-05     9.96327e-02     3.63000e+02
    2.79435e+03     1.34800e-05     9.95004e-02     3.37000e+02
    2.79445e+03     1.38000e-05     9.95269e-02     3.45000e+02
    2.79455e+03     1.30800e-05     9.94014e-02     3.27000e+02
    2.79465e+03     1.42000e-05     9.92546e-02     3.55000e+02
    2.79475e+03     1.31200e-05     9.90080e-02     3.28000e+02
    2.79485e+03     1.34400e-05     9.88688e-02     3.36000e+02
    2.79495e+03     1.34800e-05     9.86457e-02     3.37000e+02
    2.79505e+03     1.34400e-05     9.82793e-02     3.36000e+02
    2.79515e+03     1.28400e-05     9.75474e-02     3.21000e+02
    2.79525e+03     1.38800e-05     9.65738e-02     3.47000e+02
    2.79535e+03     1.39600e-05     9.45470e-02     3.49000e+02
    2.79545e+03     1.31600e-05     8.99210e-02     3.29000e+02
    2.79555e+03     1.36000e-05     7.74811e-02     3.40000e+02
    2.79565e+03     1.07200e-05     4.97918e-02     2.68000e+02
    2.79575e+03     1.11200e-05     2.28491e-02     2.78000e+02
    2.79585e+03     1.15200e-05     1.26059e-02     2.88000e+02
    2.79595e+03     1.16400e-05     1.44725e-02     2.91000e+02
    2.79605e+03     1.49600e-05     3.59234e-02     3.74000e+02
    2.79615e+03     3.10400e-05     7.57411e-02     7.76000e+02
    2.79625e+03     3.91200e-05     9.22407e-02     9.78000e+02
    2.79635e+03     4.33600e-05     9.58783e-02     1.08400e+03
    2.79645e+03     4.41200e-05     9.72628e-02     1.10300e+03
    2.79655e+03     4.40400e-05     9.80683e-02     1.10100e+03
    2.79665e+03     4.66400e-05     9.84713e-02     1.16600e+03
    2.79675e+03     4.79200e-05     9.88664e-02     1.19800e+03
    2.79685e+03     4.88000e-05     9.90500e-02     1.22000e+03
    2.79695e+03     4.40800e-05     9.92683e-02     1.10200e+03
    2.79705e+03     4.46000e-05     9.92732e-02     1.11500e+03
    2.79715e+03     4.11600e-05     9.95085e-02     1.02900e+03
    2.79725e+03     4.16800e-05     9.94004e-02     1.04200e+03
    2.79735e+03     4.36400e-05     9.96172e-02     1.09100e+03
    2.79745e+03     4.16800e-05     9.96236e-02     1.04200e+03
    2.79755e+03     4.11600e-05     9.96689e-02     1.02900e+03
    2.79765e+03     4.08000e-05     9.96572e-02     1.02000e+03
    2.79775e+03     4.00800e-05     9.97604e-02     1.00200e+03
    2.79785e+03     3.84000e-05     9.97198e-02     9.60000e+02
    2.79795e+03     4.16000e-05     9.97561e-02     1.04000e+03
    2.79805e+03     4.09200e-05     9.98439e-02     1.02300e+03
    2.79815e+03     3.86400e-05     9.98640e-02     9.66000e+02
    2.79825e+03     4.03600e-05     9.98611e-02     1.00900e+03
    2.79835e+03     3.91200e-05     9.99255e-02     9.78000e+02
    2.79845e+03     4.06800e-05     9.98652e-02     1.01700e+03
    2.79855e+03     4.07600e-05     9.98727e-02     1.01900e+03
    2.79865e+03     3.79200e-05     9.98528e-02     9.48000e+02
    2.79875e+03     3.71200e-05     9.98757e-02     9.28000e+02
    2.79885e+03     3.69200e-05     9.97259e-02     9.23000e+02
    2.79895e+03     3.80400e-05     9.98460e-02     9.51000e+02
    2.79905e+03     3.64400e-05     9.99181e-02     9.11000e+02
    2.79915e+03     3.43600e-05     9.99216e-02     8.59000e+02
    2.79925e+03     3.41200e-05     9.99360e-02     8.53000e+02
    2.79935e+03     3.57200e-05     9.98926e-02     8.93000e+02
    2.79945e+03     3.56400e-05     9.99977e-02     8.91000e+02
    2.79955e+03     3.65200e-05     9.99278e-02     9.13000e+02
    2.79965e+03     3.50400e-05     9.99671e-02     8.76000e+02
    2.79975e+03     3.64400e-05     9.98873e-02     9.11000e+02
    2.79985e+03     3.16800e-05     9.98774e-02     7.92000e+02
    2.79995e+03     3.16000e-05     9.98067e-02     7.90000e+02
    2.80005e+03     3.28800e-05     1.00097e-01     8.22000e+02
    2.80015e+03     3.20800e-05     9.99414e-02     8.02000e+02
    2.80025e+03     3.02400e-05     9.98235e-02     7.56000e+02
    2.80035e+03     2.94800e-05     9.98852e-02     7.37000e+02
    2.80045e+03     3.00800e-05     9.99076e-02     7.52000e+02
    2.80055e+03     2.92400e-05     9.98734e-02     7.31000e+02
    2.80065e+03     2.77600e-05     1.00045e-01     6.94000e+02
    2.80075e+03     2.81600e-05     9.98159e-02     7.04000e+02
    2.80085e+03     2.79200e-05     9.98718e-02     6.98000e+02
    2.80095e+03     2.73600e-05     9.98644e-02     6.84000e+02
    2.80105e+03     2.62000e-05     9.99776e-02     6.55000e+02
    2.80115e+03     2.37200e-05     9.98556e-02     5.93000e+02
    2.80125e+03     2.15600e-05     9.98114e-02     5.39000e+02
    2.80135e+03     2.14000e-05     9.98521e-02     5.35000e+02
    2.80145e+03     2.03200e-05     9.98373e-02     5.08000e+02
    2.80155e+03     2.05600e-05     9.96909e-02     5.14000e+02
    2.80165e+03     1.98400e-05     9.97117e-02     4.96000e+02
    2.80175e+03     1.70000e-05     9.96659e-02     4.25000e+02
    2.80185e+03     1.55200e-05     9.95048e-02     3.88000e+02
    2.80195e+03     1.57200e-05     9.94603e-02     3.93000e+02
    2.80205e+03     1.40000e-05     9.93712e-02     3.50000e+02
    2.80215e+03     1.21200e-05     9.91613e-02     3.03000e+02
    2.80225e+03     1.22400e-05     9.89139e-02     3.06000e+02
    2.80235e+03     1.34800e-05     9.84960e-02     3.37000e+02
    2.80245e+03     1.05200e-05     9.77790e-02     2.63000e+02
    2.80255e+03     1.20000e-05     9.63994e-02     3.00000e+02
    2.80265e+03     1.15200e-05     9.27406e-02     2.88000e+02
    2.80275e+03     1.11200e-05     8.15321e-02     2.78000e+02
    2.80285e+03     1.02400e-05     5.62716e-02     2.56000e+02
    2.80295e+03     1.02400e-05     3.08216e-02     2.56000e+02
    2.80305e+03     9.32000e-06     2.15030e-02     2.33000e+02
    2.80315e+03     1.06800e-05     2.99752e-02     2.67000e+02
    2.80325e+03     2.56800e-05     6.28876e-02     6.42000e+02
    2.80335e+03     4.15200e-05     9.00329e-02     1.03800e+03
    2.80345e+03     4.75200e-05     9.65605e-02     1.18800e+03
    2.80355e+03     4.81600e-05     9.80615e-02     1.20400e+03
    2.80365e+03     4.80400e-05     9.87528e-02     1.20100e+03
    2.80375e+03     4.89200e-05     9.90211e-02     1.22300e+03
    2.80385e+03     5.16800e-05     9.92727e-02     1.29200e+03
    2.80395e+03     5.14800e-05     9.94541e-02     1.28700e+03
    2.80405e+03     4.83200e-05     9.95355e-02     1.20800e+03
    2.80415e+03     4.68400e-05     9.95733e-02     1.17100e+03
    2.80425e+03     4.73600e-05     9.96772e-02     1.18400e+03
    2.80435e+03     4.58400e-05     9.96218e-02     1.14600e+03
    2.80445e+03     4.68000e-05     9.98409e-02     1.17000e+03
    2.80455e+03     4.32400e-05     9.97932e-02     1.08100e+03
    2.80465e+03     4.63600e-05     9.97459e-02     1.15900e+03
    2.80475e+03     4.57600e-05     9.97860e-02     1.14400e+03
    2.80485e+03     4.36400e-05     9.98500e-02     1.09100e+03
    2.80495e+03     4.85200e-05     9.99091e-02     1.21300e+03
    2.80505e+03     4.41600e-05     1.00007e-01     1.10400e+03
    2.80515e+03     4.54400e-05     1.00001e-01     1.13600e+03
    2.80525e+03     4.72800e-05     9.99605e-02     1.18200e+03
    2.80535e+03     4.50800e-05     9.99231e-02     1.12700e+03
    2.80545e+03     4.58000e-05     9.98772e-02     1.14500e+03
    2.80555e+03     4.24000e-05     1.00005e-01     1.06000e+03
    2.80565e+03     4.38800e-05     9.99361e-02     1.09700e+03
    2.80575e+03     4.48000e-05     9.98972e-02     1.12000e+03
    2.80585e+03     4.54800e-05     9.99603e-02     1.13700e+03
    2.80595e+03     4.40000e-05     9.99691e-02     1.10000e+03
    2.80605e+03     4.56400e-05     9.99829e-02     1.14100e+03
    2.80615e+03     4.27200e-05     9.99119e-02     1.06800e+03
    2.80625e+03     4.42000e-05     9.98984e-02     1.10500e+03
    2.80635e+03     4.67600e-05     9.99805e-02     1.16900e+03
    2.80645e+03     4.05200e-05     9.99629e-02     1.01300e+03
    2.80655e+03     4.32800e-05     9.99481e-02     1.08200e+03
    2.80665e+03     4.52400e-05     1.00079e-01     1.13100e+03
    2.80675e+03     4.44400e-05     9.99762e-02     1.11100e+03
    2.80685e+03     4.60000e-05     9.99016e-02     1.15000e+03
    2.80695e+03     4.54400e-05     9.99304e-02     1.13600e+03
    2.80705e+03     4.23600e-05     9.99902e-02     1.05900e+03
    2.80715e+03     4.61600e-05     1.00018e-01     1.15400e+03
    2.80725e+03     4.53600e-05     1.00071e-01     1.13400e+03
    2.80735e+03     4.60400e-05     1.00028e-01     1.15100e+03
    2.80745e+03     4.43600e-05     1.00098e-01     1.10900e+03
    2.80755e+03     4.56000e-05     1.00008e-01     1.14000e+03
    2.80765e+03     4.59600e-05     1.00032e-01     1.14900e+03
    2.80775e+03     4.39200e-05     9.99472e-02     1.09800e+03
    2.80785e+03     4.20000e-05     1.00045e-01     1.05000e+03
    2.80795e+03     4.34800e-05     1.00002e-01     1.08700e+03
    2.80805e+03     4.37200e-05     1.00126e-01     1.09300e+03
    2.80815e+03     4.34800e-05     9.99732e-02     1.08700e+03
    2.80825e+03     4.72000e-05     9.99515e-02     1.18000e+03
    2.80835e+03     4.52400e-05     9.99959e-02     1.13100e+03
    2.80845e+03     4.46800e-05     9.99566e-02     1.11700e+03
    2.80855e+03     4.33200e-05     1.00009e-01     1.08300e+03
    2.80865e+03     4.24400e-05     9.99653e-02     1.06100e+03
    2.80875e+03     4.47200e-05     9.99765e-02     1.11800e+03
    2.80885e+03     4.31200e-05     9.99798e-02     1.07800e+03
    2.80895e+03     4.38800e-05     1.00042e-01     1.09700e+03
    2.80905e+03     4.51200e-05     1.00073e-01     1.12800e+03
    2.80915e+03     4.29600e-05     9.99029e-02     1.07400e+03
    2.80925e+03     4.37600e-05     1.00034e-01     1.09400e+03
    2.80935e+03     4.29200e-05     9.99764e-02     1.07300e+03
    2.80945e+03     4.47600e-05     9.99785e-02     1.11900e+03
    2.80955e+03     4.15600e-05     9.99709e-02     1.03900e+03
    2.80965e+03     4.38000e-05     1.00018e-01     1.09500e+03
    2.80975e+03     4.38400e-05     9.99118e-02     1.09600e+03
    2.80985e+03     4.24400e-05     1.00096e-01     1.06100e+03
    2.80995e+03     4.29600e-05     9.99833e-02     1.07400e+03
    2.81005e+03     4.49200e-05     9.99923e-02     1.12300e+03
    2.81015e+03     4.34800e-05     9.99666e-02     1.08700e+03
    2.81025e+03     4.69600e-05     9.99539e-02     1.17400e+03
    2.81035e+03     4.22000e-05     1.00089e-01     1.05500e+03
    2.81045e+03     4.16000e-05     9.99964e-02     1.04000e+03
    2.81055e+03     4.30000e-05     9.99567e-02     1.07500e+03
    2.81065e+03     4.40400e-05     9.99775e-02     1.10100e+03
    2.81075e+03     4.42000e-05     1.00089e-01     1.10500e+03
    2.81085e+03     4.44800e-05     1.00060e-01     1.11200e+03
    2.81095e+03     4.41600e-05     9.99447e-02     1.10400e+03
    2.81105e+03     4.45600e-05     9.99504e-02     1.11400e+03
    2.81115e+03     4.21200e-05     1.00028e-01     1.05300e+03
    2.81125e+03     4.39200e-05     9.99267e-02     1.09800e+03
    2.81135e+03     4.34000e-05     9.99564e-02     1.08500e+03
    2.81145e+03     4.44800e-05     1.00022e-01     1.11200e+03
    2.81155e+03     4.48000e-05     9.99959e-02     1.12000e+03
    2.81165e+03     4.36000e-05     9.98344e-02     1.09000e+03
    2.81175e+03     4.30000e-05     1.00008e-01     1.07500e+03
    2.81185e+03     4.37200e-05     1.00000e-01     1.09300e+03
    2.81195e+03     4.33200e-05     9.99478e-02     1.08300e+03
    2.81205e+03     4.40000e-05     9.99411e-02     1.10000e+03
    2.81215e+03     4.52400e-05     9.99119e-02     1.13100e+03
    2.81225e+03     4.22800e-05     9.99527e-02     1.05700e+03
    2.81235e+03     4.27600e-05     1.00114e-01     1.06900e+03
    2.81245e+03     4.41600e-05     9.99351e-02     1.10400e+03
    2.81255e+03     4.67600e-05     1.00017e-01     1.16900e+03
    2.81265e+03     4.52400e-05     1.00070e-01     1.13100e+03
    2.81275e+03     4.55600e-05     1.00063e-01     1.13900e+03
    2.81285e+03     4.43600e-05     9.99706e-02     1.10900e+03
    2.81295e+03     4.14400e-05     1.00083e-01     1.03600e+03
    2.81305e+03     4.34000e-05     9.99224e-02     1.08500e+03
    2.81315e+03     4.38800e-05     9.99963e-02     1.09700e+03
    2.81325e+03     4.42400e-05     1.00041e-01     1.10600e+03
    2.81335e+03     4.40400e-05     1.00071e-01     1.10100e+03
    2.81345e+03     4.38400e-05     1.00035e-01     1.09600e+03
    2.81355e+03     4.46800e-05     9.99785e-02     1.11700e+03
    2.81365e+03     4.58000e-05     1.00124e-01     1.14500e+03
    2.81375e+03     4.56800e-05     9.99988e-02     1.14200e+03
    2.81385e+03     4.24800e-05     1.00035e-01     1.06200e+03
    2.81395e+03     4.41200e-05     1.00015e-01     1.10300e+03
    2.81405e+03     4.31200e-05     9.99525e-02     1.07800e+03
    2.81415e+03     4.29200e-05     1.00056e-01     1.07300e+03
    2.81425e+03     4.47200e-05     9.99989e-02     1.11800e+03
    2.81435e+03     4.44800e-05     9.99644e-02     1.11200e+03
    2.81445e+03     4.52000e-05     9.99952e-02     1.13000e+03
    2.81455e+03     4.32400e-05     9.99980e-02     1.08100e+03
    2.81465e+03     4.60000e-05     9.99660e-02     1.15000e+03
    2.81475e+03     4.48400e-05     9.99825e-02     1.12100e+03
    2.81485e+03     4.58000e-05     9.99328e-02     1.14500e+03
    2.81495e+03     4.32400e-05     1.00062e-01     1.08100e+03
    2.81505e+03     4.38000e-05     1.00093e-01     1.09500e+03
    2.81515e+03     4.30800e-05     1.00049e-01     1.07700e+03
    2.81525e+03     4.46400e-05     1.00045e-01     1.11600e+03
    2.81535e+03     4.55600e-05     9.99763e-02     1.13900e+03
    2.81545e+03     4.32400e-05     9.99872e-02     1.08100e+03
    2.81555e+03     4.18800e-05     9.99948e-02     1.04700e+03
    2.81565e+03     4.39600e-05     1.00043e-01     1.09900e+03
    2.81575e+03     4.46800e-05     1.00032e-01     1.11700e+03
    2.81585e+03     4.80400e-05     9.99904e-02     1.20100e+03
    2.81595e+03     4.39600e-05     9.99309e-02     1.09900e+03
    2.81605e+03     4.48400e-05     9.99973e-02     1.12100e+03
    2.81615e+03     4.35200e-05     1.00057e-01     1.08800e+03
    2.81625e+03     4.39200e-05     9.99985e-02     1.09800e+03
    2.81635e+03     4.44800e-05     9.99874e-02     1.11200e+03
    2.81645e+03     4.19200e-05     1.00039e-01     1.04800e+03
    2.81655e+03     4.29200e-05     9.99949e-02     1.07300e+03
    2.81665e+03     4.34400e-05     1.00007e-01     1.08600e+03
    2.81675e+03     4.45200e-05     9.99279e-02     1.11300e+03
    2.81685e+03     4.56000e-05     1.00006e-01     1.14000e+03
    2.81695e+03     4.11200e-05     1.00120e-01     1.02800e+03
    2.81705e+03     4.47200e-05     1.00056e-01     1.11800e+03
    2.81715e+03     4.46800e-05     9.99003e-02     1.11700e+03
    2.81725e+03     4.31600e-05     1.00005e-01     1.07900e+03
    2.81735e+03     4.47200e-05     9.99809e-02     1.11800e+03
    2.81745e+03     4.39200e-05     1.00047e-01     1.09800e+03
    2.81755e+03     4.36000e-05     1.00017e-01     1.09000e+03
    2.81765e+03     4.43600e-05     9.99965e-02     1.10900e+03
    2.81775e+03     4.36800e-05     9.99664e-02     1.09200e+03
    2.81785e+03     4.49600e-05     9.99212e-02     1.12400e+03
    2.81795e+03     4.37600e-05     1.00066e-01     1.09400e+03
    2.81805e+03     4.20400e-05     1.00001e-01     1.05100e+03
    2.81815e+03     4.52800e-05     9.99115e-02     1.13200e+03
    2.81825e+03     4.40000e-05     9.99648e-02     1.10000e+03
    2.81835e+03     4.41200e-05     9.99752e-02     1.10300e+03
    2.81845e+03     4.30800e-05     1.00011e-01     1.07700e+03
    2.81855e+03     4.40000e-05     9.99719e-02     1.10000e+03
    2.81865e+03     4.14400e-05     9.99624e-02     1.03600e+03
    2.81875e+03     4.34400e-05     9.99805e-02     1.08600e+03
    2.81885e+03     4.51200e-05     9.99587e-02     1.12800e+03
    2.81895e+03     4.35600e-05     9.99201e-02     1.08900e+03
    2.81905e+03     4.51600e-05     1.00040e-01     1.12900e+03
    2.81915e+03     4.38400e-05     1.00058e-01     1.09600e+03
    2.81925e+03     4.51200e-05     1.00041e-01     1.12800e+03
    2.81935e+03     4.24800e-05     1.00033e-01     1.06200e+03
    2.81945e+03     4.49200e-05     1.00142e-01     1.12300e+03
    2.81955e+03     4.51600e-05     9.99807e-02     1.12900e+03
    2.81965e+03     4.33200e-05     1.00050e-01     1.08300e+03
    2.81975e+03     4.64800e-05     1.00063e-01     1.16200e+03
    2.81985e+03     4.57200e-05     9.99586e-02     1.14300e+03
    2.81995e+03     4.49200e-05     1.00003e-01     1.12300e+03
