    2.57505e+03     3.66042e-01     1.00694e-01     6.10070e+04
    2.57515e+03     3.65988e-01     1.00522e-01     6.09980e+04
    2.57525e+03     3.67038e-01     9.82416e-02     6.11730e+04
    2.57535e+03     3.67872e-01     1.00301e-01     6.13120e+04
    2.57545e+03     3.65568e-01     1.00176e-01     6.09280e+04
    2.57555e+03     3.64470e-01     1.00397e-01     6.07450e+04
    2.57565e+03     3.64998e-01     9.97200e-02     6.08330e+04
    2.57575e+03     3.65808e-01     1.00310e-01     6.09680e+04
    2.57585e+03     3.62520e-01     9.94944e-02     6.04200e+04
    2.57595e+03     3.64314e-01     9.99552e-02     6.07190e+04
    2.57605e+03     3.65556e-01     9.89808e-02     6.09260e+04
    2.57615e+03     3.64848e-01     9.89040e-02     6.08080e+04
    2.57625e+03     3.64266e-01     9.90768e-02     6.07110e+04
    2.57635e+03     3.65694e-01     9.96960e-02     6.09490e+04
    2.57645e+03     3.66690e-01     9.94176e-02     6.11150e+04
    2.57655e+03     3.67974e-01     1.00450e-01     6.13290e+04
    2.57665e+03     3.66936e-01     1.00939e-01     6.11560e+04
    2.57675e+03     3.65808e-01     9.99024e-02     6.09680e+04
    2.57685e+03     3.68532e-01     1.00973e-01     6.14220e+04
    2.57695e+03     3.65280e-01     1.00128e-01     6.08800e+04
    2.57705e+03     3.65454e-01     1.00214e-01     6.09090e+04
    2.57715e+03     3.67908e-01     1.00306e-01     6.13180e+04
    2.57725e+03     3.64848e-01     1.00728e-01     6.08080e+04
    2.57735e+03     3.68022e-01     9.96576e-02     6.13370e+04
    2.57745e+03     3.67074e-01     9.93024e-02     6.11790e+04
    2.57755e+03     3.68520e-01     9.99696e-02     6.14200e+04
    2.57765e+03     3.68244e-01     1.00464e-01     6.13740e+04
    2.57775e+03     3.65652e-01     9.96048e-02     6.09420e+04
    2.57785e+03     3.66042e-01     1.00406e-01     6.10070e+04
    2.57795e+03     3.65514e-01     9.94800e-02     6.09190e+04
    2.57805e+03     3.65544e-01     1.00152e-01     6.09240e+04
    2.57815e+03     3.65190e-01     1.00829e-01     6.08650e+04
    2.57825e+03     3.65550e-01     9.89904e-02     6.09250e+04
    2.57835e+03     3.63324e-01     9.98688e-02     6.05540e+04
    2.57845e+03     3.66270e-01     9.97776e-02     6.10450e+04
    2.57855e+03     3.62358e-01     9.92208e-02     6.03930e+04
    2.57865e+03     3.65100e-01     1.01208e-01     6.08500e+04
    2.57875e+03     3.63822e-01     9.95568e-02     6.06370e+04
    2.57885e+03     3.65118e-01     9.85872e-02     6.08530e+04
    2.57895e+03     3.66000e-01     1.00675e-01     6.10000e+04
    2.57905e+03     3.63768e-01     9.90432e-02     6.06280e+04
    2.57915e+03     3.63576e-01     9.93840e-02     6.05960e+04
    2.57925e+03     3.63996e-01     9.93216e-02     6.06660e+04
    2.57935e+03     3.63426e-01     1.00478e-01     6.05710e+04
    2.57945e+03     3.65364e-01     9.94176e-02     6.08940e+04
    2.57955e+03     3.63456e-01     1.00075e-01     6.05760e+04
    2.57965e+03     3.64002e-01     1.00214e-01     6.06670e+04
    2.57975e+03     3.62442e-01     1.00378e-01     6.04070e+04
    2.57985e+03     3.64110e-01     1.00210e-01     6.06850e+04
    2.57995e+03     3.62982e-01     9.92544e-02     6.04970e+04
    2.58005e+03     3.62934e-01     9.94752e-02     6.04890e+04
    2.58015e+03     3.63408e-01     9.90432e-02     6.05680e+04
    2.58025e+03     3.59970e-01     9.92640e-02     5.99950e+04
    2.58035e+03     3.60522e-01     9.98208e-02     6.00870e+04
    2.58045e+03     3.64320e-01     9.88320e-02     6.07200e+04
    2.58055e+03     3.63510e-01     9.95952e-02     6.05850e+04
    2.58065e+03     3.63552e-01     9.95232e-02     6.05920e+04
    2.58075e+03     3.58506e-01     9.98112e-02     5.97510e+04
    2.58085e+03     3.64674e-01     1.00037e-01     6.07790e+04
    2.58095e+03     3.59928e-01     1.00267e-01     5.99880e+04
    2.58105e+03     3.61050e-01     1.00200e-01     6.01750e+04
    2.58115e+03     3.62334e-01     9.86640e-02     6.03890e+04
    2.58125e+03     3.59400e-01     1.00176e-01     5.99000e+04
    2.58135e+03     3.60732e-01     9.81792e-02     6.01220e+04
    2.58145e+03     3.62946e-01     9.90096e-02     6.04910e+04
    2.58155e+03     3.59298e-01     9.81984e-02     5.98830e+04
    2.58165e+03     3.59394e-01     9.85200e-02     5.98990e+04
    2.58175e+03     3.59946e-01     9.98256e-02     5.99910e+04
    2.58185e+03     3.60864e-01     9.88176e-02     6.01440e+04
    2.58195e+03     3.59604e-01     9.81072e-02     5.99340e+04
    2.58205e+03     3.58320e-01     9.89568e-02     5.97200e+04
    2.58215e+03     3.61362e-01     1.00248e-01     6.02270e+04
    2.58225e+03     3.58938e-01     9.87360e-02     5.98230e+04
    2.58235e+03     3.57732e-01     9.88800e-02     5.96220e+04
    2.58245e+03     3.56232e-01     9.79968e-02     5.93720e+04
    2.58255e+03     3.57192e-01     9.86880e-02     5.95320e+04
    2.58265e+03     3.55308e-01     9.96000e-02     5.92180e+04
    2.58275e+03     3.55446e-01     9.83568e-02     5.92410e+04
    2.58285e+03     3.56370e-01     9.98400e-02     5.93950e+04
    2.58295e+03     3.53592e-01     9.80832e-02     5.89320e+04
    2.58305e+03     3.53400e-01     9.86640e-02     5.89000e+04
    2.58315e+03     3.53976e-01     9.74064e-02     5.89960e+04
    2.58325e+03     3.54198e-01     9.86448e-02     5.90330e+04
    2.58335e+03     3.51570e-01     9.77472e-02     5.85950e+04
    2.58345e+03     3.53694e-01     9.84864e-02     5.89490e+04
    2.58355e+03     3.50442e-01     9.85248e-02     5.84070e+04
    2.58365e+03     3.47712e-01     9.82032e-02     5.79520e+04
    2.58375e+03     3.46578e-01     9.83520e-02     5.77630e+04
    2.58385e+03     3.46686e-01     9.86544e-02     5.77810e+04
    2.58395e+03     3.45036e-01     9.79920e-02     5.75060e+04
    2.58405e+03     3.44226e-01     9.74400e-02     5.73710e+04
    2.58415e+03     3.40392e-01     9.64176e-02     5.67320e+04
    2.58425e+03     3.44088e-01     9.69168e-02     5.73480e+04
    2.58435e+03     3.36570e-01     9.72912e-02     5.60950e+04
    2.58445e+03     3.34572e-01     9.64848e-02     5.57620e+04
    2.58455e+03     3.31242e-01     9.61056e-02     5.52070e+04
    2.58465e+03     3.29388e-01     9.49968e-02     5.48980e+04
    2.58475e+03     3.23112e-01     9.56928e-02     5.38520e+04
    2.58485e+03     3.18858e-01     9.26832e-02     5.31430e+04
    2.58495e+03     3.15318e-01     9.30000e-02     5.25530e+04
    2.58505e+03     3.10422e-01     9.22032e-02     5.17370e+04
    2.58515e+03     3.03504e-01     9.03264e-02     5.05840e+04
    2.58525e+03     2.94738e-01     8.86512e-02     4.91230e+04
    2.58535e+03     2.81988e-01     8.62032e-02     4.69980e+04
    2.58545e+03     2.72910e-01     8.48352e-02     4.54850e+04
    2.58555e+03     2.55660e-01     8.27808e-02     4.26100e+04
    2.58565e+03     2.37222e-01     7.91424e-02     3.95370e+04
    2.58575e+03     2.17092e-01     7.26672e-02     3.61820e+04
    2.58585e+03     1.87620e-01     6.57360e-02     3.12700e+04
    2.58595e+03     1.57704e-01     5.56320e-02     2.62840e+04
    2.58605e+03     1.30890e-01     4.37280e-02     2.18150e+04
    2.58615e+03     1.33998e-01     3.92640e-02     2.23330e+04
    2.58625e+03     2.08008e-01     5.38944e-02     3.46680e+04
    2.58635e+03     3.24294e-01     8.12688e-02     5.40490e+04
    2.58645e+03     3.81876e-01     9.64368e-02     6.36460e+04
    2.58655e+03     3.86190e-01     9.94800e-02     6.43650e+04
    2.58665e+03     3.90954e-01     9.90288e-02     6.51590e+04
    2.58675e+03     3.90000e-01     9.93168e-02     6.50000e+04
    2.58685e+03     3.89664e-01     9.97920e-02     6.49440e+04
    2.58695e+03     3.89604e-01     1.00205e-01     6.49340e+04
    2.58705e+03     3.86298e-01     9.92640e-02     6.43830e+04
    2.58715e+03     3.82956e-01     9.96048e-02     6.38260e+04
    2.58725e+03     3.81840e-01     1.00886e-01     6.36400e+04
    2.58735e+03     3.78516e-01     1.00541e-01     6.30860e+04
    2.58745e+03     3.70548e-01     9.99888e-02     6.17580e+04
    2.58755e+03     3.71076e-01     9.89520e-02     6.18460e+04
    2.58765e+03     3.70176e-01     9.85680e-02     6.16960e+04
    2.58775e+03     3.70434e-01     1.00584e-01     6.17390e+04
    2.58785e+03     3.72540e-01     1.01131e-01     6.20900e+04
    2.58795e+03     3.74268e-01     9.99360e-02     6.23780e+04
    2.58805e+03     3.70962e-01     1.00373e-01     6.18270e+04
    2.58815e+03     3.67344e-01     1.00080e-01     6.12240e+04
    2.58825e+03     3.70788e-01     9.97344e-02     6.17980e+04
    2.58835e+03     3.67800e-01     1.00118e-01     6.13000e+04
    2.58845e+03     3.70362e-01     1.01021e-01     6.17270e+04
    2.58855e+03     3.69408e-01     1.00248e-01     6.15680e+04
    2.58865e+03     3.70776e-01     1.00786e-01     6.17960e+04
    2.58875e+03     3.69168e-01     1.00214e-01     6.15280e+04
    2.58885e+03     3.70302e-01     1.00632e-01     6.17170e+04
    2.58895e+03     3.69414e-01     1.00051e-01     6.15690e+04
    2.58905e+03     3.67452e-01     1.00186e-01     6.12420e+04
    2.58915e+03     3.68694e-01     9.95088e-02     6.14490e+04
    2.58925e+03     3.67914e-01     9.87984e-02     6.13190e+04
    2.58935e+03     3.70818e-01     1.01011e-01     6.18030e+04
    2.58945e+03     3.67662e-01     9.98448e-02     6.12770e+04
    2.58955e+03     3.67200e-01     9.91296e-02     6.12000e+04
    2.58965e+03     3.67290e-01     1.00291e-01     6.12150e+04
    2.58975e+03     3.66102e-01     1.00282e-01     6.10170e+04
    2.58985e+03     3.68400e-01     1.00406e-01     6.14000e+04
    2.58995e+03     3.68772e-01     1.01242e-01     6.14620e+04
    2.59005e+03     3.69762e-01     1.00018e-01     6.16270e+04
    2.59015e+03     3.66870e-01     9.95424e-02     6.11450e+04
    2.59025e+03     3.68442e-01     1.01242e-01     6.14070e+04
    2.59035e+03     3.64860e-01     9.94464e-02     6.08100e+04
    2.59045e+03     3.67290e-01     9.97776e-02     6.12150e+04
    2.59055e+03     3.70050e-01     9.94848e-02     6.16750e+04
    2.59065e+03     3.66504e-01     1.00637e-01     6.10840e+04
    2.59075e+03     3.67812e-01     9.96336e-02     6.13020e+04
    2.59085e+03     3.66762e-01     1.00843e-01     6.11270e+04
    2.59095e+03     3.66372e-01     9.96432e-02     6.10620e+04
    2.59105e+03     3.68832e-01     1.00104e-01     6.14720e+04
    2.59115e+03     3.68112e-01     1.00526e-01     6.13520e+04
    2.59125e+03     3.66948e-01     9.97008e-02     6.11580e+04
    2.59135e+03     3.66714e-01     1.01362e-01     6.11190e+04
    2.59145e+03     3.66318e-01     1.00157e-01     6.10530e+04
    2.59155e+03     3.62430e-01     9.93072e-02     6.04050e+04
    2.59165e+03     3.60180e-01     9.86976e-02     6.00300e+04
    2.59175e+03     3.55956e-01     9.80400e-02     5.93260e+04
    2.59185e+03     3.60318e-01     1.00925e-01     6.00530e+04
    2.59195e+03     3.59592e-01     9.89712e-02     5.99320e+04
    2.59205e+03     3.60252e-01     9.86496e-02     6.00420e+04
    2.59215e+03     3.56682e-01     9.77424e-02     5.94470e+04
    2.59225e+03     3.55698e-01     9.83328e-02     5.92830e+04
    2.59235e+03     3.58440e-01     9.91632e-02     5.97400e+04
    2.59245e+03     3.56022e-01     9.90720e-02     5.93370e+04
    2.59255e+03     3.56838e-01     9.99408e-02     5.94730e+04
    2.59265e+03     3.57012e-01     9.92208e-02     5.95020e+04
    2.59275e+03     3.56214e-01     9.90864e-02     5.93690e+04
    2.59285e+03     3.58200e-01     9.87840e-02     5.97000e+04
    2.59295e+03     3.57930e-01     9.87744e-02     5.96550e+04
    2.59305e+03     3.55656e-01     9.89568e-02     5.92760e+04
    2.59315e+03     3.53760e-01     9.74208e-02     5.89600e+04
    2.59325e+03     3.54342e-01     9.84192e-02     5.90570e+04
    2.59335e+03     3.54564e-01     9.83760e-02     5.90940e+04
    2.59345e+03     3.55800e-01     9.91200e-02     5.93000e+04
    2.59355e+03     3.55056e-01     9.82368e-02     5.91760e+04
    2.59365e+03     3.54528e-01     9.87168e-02     5.90880e+04
    2.59375e+03     3.54390e-01     9.86400e-02     5.90650e+04
    2.59385e+03     3.50088e-01     9.91824e-02     5.83480e+04
    2.59395e+03     3.51408e-01     9.81312e-02     5.85680e+04
    2.59405e+03     3.52686e-01     9.84048e-02     5.87810e+04
    2.59415e+03     3.50928e-01     9.76800e-02     5.84880e+04
    2.59425e+03     3.52218e-01     9.80112e-02     5.87030e+04
    2.59435e+03     3.49212e-01     9.78432e-02     5.82020e+04
    2.59445e+03     3.53100e-01     9.79248e-02     5.88500e+04
    2.59455e+03     3.50688e-01     9.79824e-02     5.84480e+04
    2.59465e+03     3.47658e-01     9.68832e-02     5.79430e+04
    2.59475e+03     3.50424e-01     9.77904e-02     5.84040e+04
    2.59485e+03     3.47574e-01     9.79536e-02     5.79290e+04
    2.59495e+03     3.46182e-01     9.71184e-02     5.76970e+04
    2.59505e+03     3.47682e-01     9.78768e-02     5.79470e+04
    2.59515e+03     3.46866e-01     9.86928e-02     5.78110e+04
    2.59525e+03     3.46446e-01     9.76800e-02     5.77410e+04
    2.59535e+03     3.46230e-01     9.75072e-02     5.77050e+04
    2.59545e+03     3.44928e-01     9.64944e-02     5.74880e+04
    2.59555e+03     3.42438e-01     9.68592e-02     5.70730e+04
    2.59565e+03     3.41952e-01     9.61872e-02     5.69920e+04
    2.59575e+03     3.40368e-01     9.78816e-02     5.67280e+04
    2.59585e+03     3.41334e-01     9.70224e-02     5.68890e+04
    2.59595e+03     3.38880e-01     9.64368e-02     5.64800e+04
    2.59605e+03     3.40458e-01     9.57168e-02     5.67430e+04
    2.59615e+03     3.37770e-01     9.57696e-02     5.62950e+04
    2.59625e+03     3.34800e-01     9.65232e-02     5.58000e+04
    2.59635e+03     3.31044e-01     9.49344e-02     5.51740e+04
    2.59645e+03     3.34272e-01     9.50208e-02     5.57120e+04
    2.59655e+03     3.32544e-01     9.55968e-02     5.54240e+04
    2.59665e+03     3.31152e-01     9.51504e-02     5.51920e+04
    2.59675e+03     3.25410e-01     9.38064e-02     5.42350e+04
    2.59685e+03     3.27888e-01     9.45936e-02     5.46480e+04
    2.59695e+03     3.22428e-01     9.38352e-02     5.37380e+04
    2.59705e+03     3.20436e-01     9.27600e-02     5.34060e+04
    2.59715e+03     3.18324e-01     9.32880e-02     5.30540e+04
    2.59725e+03     3.14712e-01     9.12576e-02     5.24520e+04
    2.59735e+03     3.09924e-01     9.23904e-02     5.16540e+04
    2.59745e+03     3.10566e-01     9.23136e-02     5.17610e+04
    2.59755e+03     3.01806e-01     9.06096e-02     5.03010e+04
    2.59765e+03     3.00822e-01     9.03600e-02     5.01370e+04
    2.59775e+03     2.96322e-01     9.01152e-02     4.93870e+04
    2.59785e+03     2.88402e-01     8.81088e-02     4.80670e+04
    2.59795e+03     2.82384e-01     8.72928e-02     4.70640e+04
    2.59805e+03     2.78466e-01     8.61456e-02     4.64110e+04
    2.59815e+03     2.68740e-01     8.49696e-02     4.47900e+04
    2.59825e+03     2.61882e-01     8.33568e-02     4.36470e+04
    2.59835e+03     2.55150e-01     8.22480e-02     4.25250e+04
    2.59845e+03     2.43120e-01     7.95312e-02     4.05200e+04
    2.59855e+03     2.35338e-01     7.65552e-02     3.92230e+04
    2.59865e+03     2.23410e-01     7.61088e-02     3.72350e+04
    2.59875e+03     2.07546e-01     7.12560e-02     3.45910e+04
    2.59885e+03     1.93590e-01     6.84336e-02     3.22650e+04
    2.59895e+03     1.80000e-01     6.44112e-02     3.00000e+04
    2.59905e+03     1.66308e-01     5.92896e-02     2.77180e+04
    2.59915e+03     1.51374e-01     5.34384e-02     2.52290e+04
    2.59925e+03     1.36578e-01     4.62096e-02     2.27630e+04
    2.59935e+03     1.23576e-01     3.83184e-02     2.05960e+04
    2.59945e+03     1.17288e-01     2.83200e-02     1.95480e+04
    2.59955e+03     1.16886e-01     1.67856e-02     1.94810e+04
    2.59965e+03     1.23594e-01     9.09120e-03     2.05990e+04
    2.59975e+03     1.58082e-01     1.23600e-02     2.63470e+04
    2.59985e+03     2.94162e-01     4.27344e-02     4.90270e+04
    2.59995e+03     4.50576e-01     8.25312e-02     7.50960e+04
    2.60005e+03     4.95684e-01     9.37872e-02     8.26140e+04
    2.60015e+03     4.99020e-01     9.89808e-02     8.31700e+04
    2.60025e+03     5.02686e-01     9.92784e-02     8.37810e+04
    2.60035e+03     5.18538e-01     9.94272e-02     8.64230e+04
    2.60045e+03     5.30502e-01     9.98112e-02     8.84170e+04
    2.60055e+03     5.23200e-01     9.93264e-02     8.72000e+04
    2.60065e+03     5.00172e-01     9.84384e-02     8.33620e+04
    2.60075e+03     4.69992e-01     9.89760e-02     7.83320e+04
    2.60085e+03     4.47060e-01     9.85872e-02     7.45100e+04
    2.60095e+03     4.33320e-01     1.00901e-01     7.22200e+04
    2.60105e+03     4.22568e-01     1.01203e-01     7.04280e+04
    2.60115e+03     4.17354e-01     9.99600e-02     6.95590e+04
    2.60125e+03     4.12248e-01     9.93264e-02     6.87080e+04
    2.60135e+03     4.05660e-01     1.00070e-01     6.76100e+04
    2.60145e+03     4.02576e-01     9.92976e-02     6.70960e+04
    2.60155e+03     3.98628e-01     9.90864e-02     6.64380e+04
    2.60165e+03     3.92238e-01     1.00243e-01     6.53730e+04
    2.60175e+03     3.93018e-01     9.99408e-02     6.55030e+04
    2.60185e+03     3.90306e-01     9.94224e-02     6.50510e+04
    2.60195e+03     3.89214e-01     9.98256e-02     6.48690e+04
    2.60205e+03     3.84570e-01     1.00536e-01     6.40950e+04
    2.60215e+03     3.82320e-01     9.95040e-02     6.37200e+04
    2.60225e+03     3.82782e-01     9.87360e-02     6.37970e+04
    2.60235e+03     3.80106e-01     1.00219e-01     6.33510e+04
    2.60245e+03     3.79248e-01     1.00704e-01     6.32080e+04
    2.60255e+03     3.78072e-01     1.00219e-01     6.30120e+04
    2.60265e+03     3.77544e-01     9.93120e-02     6.29240e+04
    2.60275e+03     3.76206e-01     9.92832e-02     6.27010e+04
    2.60285e+03     3.78144e-01     1.00541e-01     6.30240e+04
    2.60295e+03     3.74046e-01     9.93120e-02     6.23410e+04
    2.60305e+03     3.74808e-01     1.00018e-01     6.24680e+04
    2.60315e+03     3.75954e-01     1.00565e-01     6.26590e+04
    2.60325e+03     3.75294e-01     9.98784e-02     6.25490e+04
    2.60335e+03     3.72900e-01     1.00766e-01     6.21500e+04
    2.60345e+03     3.75156e-01     1.01006e-01     6.25260e+04
    2.60355e+03     3.73404e-01     9.99504e-02     6.22340e+04
    2.60365e+03     3.74880e-01     9.99024e-02     6.24800e+04
    2.60375e+03     3.74766e-01     9.92736e-02     6.24610e+04
    2.60385e+03     3.72522e-01     1.00714e-01     6.20870e+04
    2.60395e+03     3.72852e-01     1.00594e-01     6.21420e+04
    2.60405e+03     3.72078e-01     9.98400e-02     6.20130e+04
    2.60415e+03     3.70590e-01     9.94800e-02     6.17650e+04
    2.60425e+03     3.69552e-01     9.98640e-02     6.15920e+04
    2.60435e+03     3.70002e-01     1.00690e-01     6.16670e+04
    2.60445e+03     3.67086e-01     9.96480e-02     6.11810e+04
    2.60455e+03     3.73806e-01     1.00642e-01     6.23010e+04
    2.60465e+03     3.69456e-01     1.00114e-01     6.15760e+04
    2.60475e+03     3.70794e-01     9.99696e-02     6.17990e+04
    2.60485e+03     3.69948e-01     1.00070e-01     6.16580e+04
    2.60495e+03     3.72648e-01     1.01165e-01     6.21080e+04
    2.60505e+03     3.69606e-01     9.97488e-02     6.16010e+04
    2.60515e+03     3.67698e-01     9.92976e-02     6.12830e+04
    2.60525e+03     3.68574e-01     1.01419e-01     6.14290e+04
    2.60535e+03     3.70794e-01     1.01083e-01     6.17990e+04
    2.60545e+03     3.65574e-01     9.97056e-02     6.09290e+04
    2.60555e+03     3.67110e-01     9.95280e-02     6.11850e+04
    2.60565e+03     3.68856e-01     9.93648e-02     6.14760e+04
    2.60575e+03     3.68004e-01     9.85248e-02     6.13340e+04
    2.60585e+03     3.69798e-01     9.96912e-02     6.16330e+04
    2.60595e+03     3.67818e-01     9.99216e-02     6.13030e+04
    2.60605e+03     3.66786e-01     9.98352e-02     6.11310e+04
    2.60615e+03     3.70014e-01     9.95040e-02     6.16690e+04
    2.60625e+03     3.68886e-01     9.93696e-02     6.14810e+04
    2.60635e+03     3.68244e-01     1.00608e-01     6.13740e+04
    2.60645e+03     3.67440e-01     9.88848e-02     6.12400e+04
    2.60655e+03     3.69288e-01     9.94992e-02     6.15480e+04
    2.60665e+03     3.67188e-01     1.00392e-01     6.11980e+04
    2.60675e+03     3.67068e-01     9.98400e-02     6.11780e+04
    2.60685e+03     3.67878e-01     9.97920e-02     6.13130e+04
    2.60695e+03     3.67578e-01     1.00656e-01     6.12630e+04
    2.60705e+03     3.66210e-01     9.98496e-02     6.10350e+04
    2.60715e+03     3.67818e-01     9.98304e-02     6.13030e+04
    2.60725e+03     3.65970e-01     1.00286e-01     6.09950e+04
    2.60735e+03     3.68226e-01     9.93888e-02     6.13710e+04
    2.60745e+03     3.68610e-01     9.96000e-02     6.14350e+04
    2.60755e+03     3.67998e-01     9.96144e-02     6.13330e+04
    2.60765e+03     3.70884e-01     1.00872e-01     6.18140e+04
    2.60775e+03     3.68784e-01     1.00301e-01     6.14640e+04
    2.60785e+03     3.65886e-01     1.00334e-01     6.09810e+04
    2.60795e+03     3.67434e-01     9.97584e-02     6.12390e+04
    2.60805e+03     3.65568e-01     9.90960e-02     6.09280e+04
    2.60815e+03     3.71898e-01     1.00277e-01     6.19830e+04
    2.60825e+03     3.69372e-01     9.97488e-02     6.15620e+04
    2.60835e+03     3.68574e-01     9.99504e-02     6.14290e+04
    2.60845e+03     3.68154e-01     9.92832e-02     6.13590e+04
    2.60855e+03     3.64272e-01     9.99600e-02     6.07120e+04
    2.60865e+03     3.67344e-01     1.00742e-01     6.12240e+04
    2.60875e+03     3.67464e-01     9.91536e-02     6.12440e+04
    2.60885e+03     3.65970e-01     1.00608e-01     6.09950e+04
    2.60895e+03     3.69132e-01     9.94416e-02     6.15220e+04
    2.60905e+03     3.67746e-01     1.00306e-01     6.12910e+04
    2.60915e+03     3.68034e-01     1.00195e-01     6.13390e+04
    2.60925e+03     3.66438e-01     1.01990e-01     6.10730e+04
    2.60935e+03     3.66930e-01     1.00306e-01     6.11550e+04
    2.60945e+03     3.67836e-01     1.00762e-01     6.13060e+04
    2.60955e+03     3.68382e-01     9.82560e-02     6.13970e+04
    2.60965e+03     3.69222e-01     9.92640e-02     6.15370e+04
    2.60975e+03     3.67704e-01     9.98880e-02     6.12840e+04
    2.60985e+03     3.69162e-01     1.00018e-01     6.15270e+04
    2.60995e+03     3.70302e-01     9.94128e-02     6.17170e+04
    2.61005e+03     3.68172e-01     9.82800e-02     6.13620e+04
    2.61015e+03     3.69276e-01     9.85776e-02     6.15460e+04
    2.61025e+03     3.70920e-01     9.95760e-02     6.18200e+04
    2.61035e+03     3.71406e-01     1.00450e-01     6.19010e+04
    2.61045e+03     3.70446e-01     1.00824e-01     6.17410e+04
    2.61055e+03     3.70494e-01     9.97632e-02     6.17490e+04
    2.61065e+03     3.72942e-01     1.00229e-01     6.21570e+04
    2.61075e+03     3.72564e-01     9.96624e-02     6.20940e+04
    2.61085e+03     3.70818e-01     9.87456e-02     6.18030e+04
    2.61095e+03     3.70542e-01     1.00138e-01     6.17570e+04
    2.61105e+03     3.74550e-01     9.94512e-02     6.24250e+04
    2.61115e+03     3.74808e-01     1.00253e-01     6.24680e+04
    2.61125e+03     3.75282e-01     9.95616e-02     6.25470e+04
    2.61135e+03     3.76104e-01     9.97728e-02     6.26840e+04
    2.61145e+03     3.80082e-01     1.00915e-01     6.33470e+04
    2.61155e+03     3.83634e-01     1.00128e-01     6.39390e+04
    2.61165e+03     3.84168e-01     1.00397e-01     6.40280e+04
    2.61175e+03     3.86772e-01     1.00474e-01     6.44620e+04
    2.61185e+03     3.91836e-01     1.00190e-01     6.53060e+04
    2.61195e+03     3.96792e-01     9.97728e-02     6.61320e+04
    2.61205e+03     4.03494e-01     9.93840e-02     6.72490e+04
    2.61215e+03     4.21218e-01     1.00805e-01     7.02030e+04
    2.61225e+03     4.40364e-01     1.01616e-01     7.33940e+04
    2.61235e+03     4.39494e-01     9.96288e-02     7.32490e+04
    2.61245e+03     4.30260e-01     9.99888e-02     7.17100e+04
    2.61255e+03     4.22766e-01     9.95760e-02     7.04610e+04
    2.61265e+03     4.21338e-01     9.98256e-02     7.02230e+04
    2.61275e+03     4.15800e-01     1.00848e-01     6.93000e+04
    2.61285e+03     4.13484e-01     1.00704e-01     6.89140e+04
    2.61295e+03     4.12464e-01     1.00402e-01     6.87440e+04
    2.61305e+03     4.16298e-01     1.01251e-01     6.93830e+04
    2.61315e+03     3.99930e-01     9.89664e-02     6.66550e+04
    2.61325e+03     3.88512e-01     1.00085e-01     6.47520e+04
    2.61335e+03     3.78720e-01     1.00718e-01     6.31200e+04
    2.61345e+03     3.80076e-01     9.96288e-02     6.33460e+04
    2.61355e+03     3.76518e-01     9.88368e-02     6.27530e+04
    2.61365e+03     3.73422e-01     1.00402e-01     6.22370e+04
    2.61375e+03     3.76824e-01     9.91200e-02     6.28040e+04
    2.61385e+03     3.74112e-01     9.97152e-02     6.23520e+04
    2.61395e+03     3.72414e-01     9.88656e-02     6.20690e+04
    2.61405e+03     3.72750e-01     1.00387e-01     6.21250e+04
    2.61415e+03     3.70296e-01     9.88320e-02     6.17160e+04
    2.61425e+03     3.69780e-01     9.98448e-02     6.16300e+04
    2.61435e+03     3.68526e-01     9.96816e-02     6.14210e+04
    2.61445e+03     3.68280e-01     1.00042e-01     6.13800e+04
    2.61455e+03     3.68934e-01     9.99264e-02     6.14890e+04
    2.61465e+03     3.68880e-01     1.00469e-01     6.14800e+04
    2.61475e+03     3.71802e-01     1.01990e-01     6.19670e+04
    2.61485e+03     3.68382e-01     9.96384e-02     6.13970e+04
    2.61495e+03     3.69162e-01     1.01174e-01     6.15270e+04
    2.61505e+03     3.66882e-01     1.01645e-01     6.11470e+04
    2.61515e+03     3.70854e-01     1.00613e-01     6.18090e+04
    2.61525e+03     3.66960e-01     9.95664e-02     6.11600e+04
    2.61535e+03     3.67584e-01     9.94224e-02     6.12640e+04
    2.61545e+03     3.68040e-01     9.90528e-02     6.13400e+04
    2.61555e+03     3.66660e-01     9.98448e-02     6.11100e+04
    2.61565e+03     3.68658e-01     9.97968e-02     6.14430e+04
    2.61575e+03     3.67446e-01     1.00483e-01     6.12410e+04
    2.61585e+03     3.67524e-01     9.95184e-02     6.12540e+04
    2.61595e+03     3.68118e-01     9.92544e-02     6.13530e+04
    2.61605e+03     3.68892e-01     1.00570e-01     6.14820e+04
    2.61615e+03     3.66816e-01     9.88032e-02     6.11360e+04
    2.61625e+03     3.68058e-01     9.98304e-02     6.13430e+04
    2.61635e+03     3.67416e-01     1.00378e-01     6.12360e+04
    2.61645e+03     3.67668e-01     9.94752e-02     6.12780e+04
    2.61655e+03     3.67038e-01     9.99840e-02     6.11730e+04
    2.61665e+03     3.67182e-01     9.94704e-02     6.11970e+04
    2.61675e+03     3.65682e-01     1.01160e-01     6.09470e+04
    2.61685e+03     3.65670e-01     9.87504e-02     6.09450e+04
    2.61695e+03     3.66468e-01     9.98592e-02     6.10780e+04
    2.61705e+03     3.65676e-01     1.00229e-01     6.09460e+04
    2.61715e+03     3.66858e-01     1.00565e-01     6.11430e+04
    2.61725e+03     3.67746e-01     1.00234e-01     6.12910e+04
    2.61735e+03     3.65838e-01     1.00118e-01     6.09730e+04
    2.61745e+03     3.67254e-01     9.92448e-02     6.12090e+04
    2.61755e+03     3.67272e-01     1.00018e-01     6.12120e+04
    2.61765e+03     3.65244e-01     1.01280e-01     6.08740e+04
    2.61775e+03     3.69450e-01     9.96528e-02     6.15750e+04
    2.61785e+03     3.69060e-01     1.00118e-01     6.15100e+04
    2.61795e+03     3.66558e-01     9.96720e-02     6.10930e+04
    2.61805e+03     3.66276e-01     9.97008e-02     6.10460e+04
    2.61815e+03     3.65808e-01     1.00882e-01     6.09680e+04
    2.61825e+03     3.66246e-01     9.88704e-02     6.10410e+04
    2.61835e+03     3.64314e-01     9.99552e-02     6.07190e+04
    2.61845e+03     3.69840e-01     1.00579e-01     6.16400e+04
    2.61855e+03     3.67698e-01     9.93072e-02     6.12830e+04
    2.61865e+03     3.65190e-01     9.99264e-02     6.08650e+04
    2.61875e+03     3.66456e-01     9.99744e-02     6.10760e+04
    2.61885e+03     3.65094e-01     1.00670e-01     6.08490e+04
    2.61895e+03     3.68802e-01     9.93888e-02     6.14670e+04
    2.61905e+03     3.64722e-01     1.00003e-01     6.07870e+04
    2.61915e+03     3.66888e-01     9.93840e-02     6.11480e+04
    2.61925e+03     3.67086e-01     1.00416e-01     6.11810e+04
    2.61935e+03     3.67434e-01     1.00565e-01     6.12390e+04
    2.61945e+03     3.66858e-01     1.00238e-01     6.11430e+04
    2.61955e+03     3.68424e-01     1.00171e-01     6.14040e+04
    2.61965e+03     3.67344e-01     1.00181e-01     6.12240e+04
    2.61975e+03     3.67542e-01     9.93888e-02     6.12570e+04
    2.61985e+03     3.67332e-01     9.98592e-02     6.12220e+04
    2.61995e+03     3.65688e-01     9.93456e-02     6.09480e+04
    2.62005e+03     3.66054e-01     9.91920e-02     6.10090e+04
    2.62015e+03     3.69240e-01     1.00560e-01     6.15400e+04
    2.62025e+03     3.69744e-01     9.94560e-02     6.16240e+04
    2.62035e+03     3.65100e-01     9.96144e-02     6.08500e+04
    2.62045e+03     3.69396e-01     1.01131e-01     6.15660e+04
    2.62055e+03     3.63966e-01     9.97008e-02     6.06610e+04
    2.62065e+03     3.67074e-01     1.00584e-01     6.11790e+04
    2.62075e+03     3.68118e-01     1.00402e-01     6.13530e+04
    2.62085e+03     3.70092e-01     1.00939e-01     6.16820e+04
    2.62095e+03     3.69702e-01     1.00219e-01     6.16170e+04
    2.62105e+03     3.68988e-01     1.00944e-01     6.14980e+04
    2.62115e+03     3.68526e-01     1.00109e-01     6.14210e+04
    2.62125e+03     3.67284e-01     1.00118e-01     6.12140e+04
    2.62135e+03     3.66660e-01     1.00238e-01     6.11100e+04
    2.62145e+03     3.66480e-01     9.98496e-02     6.10800e+04
    2.62155e+03     3.69924e-01     1.00214e-01     6.16540e+04
    2.62165e+03     3.68022e-01     9.96192e-02     6.13370e+04
    2.62175e+03     3.67314e-01     1.00474e-01     6.12190e+04
    2.62185e+03     3.67386e-01     9.95520e-02     6.12310e+04
    2.62195e+03     3.65928e-01     1.00786e-01     6.09880e+04
    2.62205e+03     3.64290e-01     1.00618e-01     6.07150e+04
    2.62215e+03     3.66570e-01     1.00003e-01     6.10950e+04
    2.62225e+03     3.68256e-01     9.93936e-02     6.13760e+04
    2.62235e+03     3.68640e-01     1.00526e-01     6.14400e+04
    2.62245e+03     3.65436e-01     9.99744e-02     6.09060e+04
    2.62255e+03     3.66504e-01     9.93648e-02     6.10840e+04
    2.62265e+03     3.69186e-01     1.01074e-01     6.15310e+04
    2.62275e+03     3.67260e-01     9.96000e-02     6.12100e+04
    2.62285e+03     3.68028e-01     1.00200e-01     6.13380e+04
    2.62295e+03     3.67860e-01     9.94368e-02     6.13100e+04
    2.62305e+03     3.69966e-01     1.00018e-01     6.16610e+04
    2.62315e+03     3.67602e-01     1.00574e-01     6.12670e+04
    2.62325e+03     3.70080e-01     9.91104e-02     6.16800e+04
    2.62335e+03     3.69714e-01     1.00354e-01     6.16190e+04
    2.62345e+03     3.69906e-01     9.89856e-02     6.16510e+04
    2.62355e+03     3.69126e-01     9.94704e-02     6.15210e+04
    2.62365e+03     3.70356e-01     1.01328e-01     6.17260e+04
    2.62375e+03     3.68562e-01     1.00483e-01     6.14270e+04
    2.62385e+03     3.68838e-01     9.99408e-02     6.14730e+04
    2.62395e+03     3.69186e-01     9.93888e-02     6.15310e+04
    2.62405e+03     3.72294e-01     1.00930e-01     6.20490e+04
    2.62415e+03     3.71034e-01     1.00824e-01     6.18390e+04
    2.62425e+03     3.70182e-01     1.00565e-01     6.16970e+04
    2.62435e+03     3.69870e-01     9.94896e-02     6.16450e+04
    2.62445e+03     3.69180e-01     9.94560e-02     6.15300e+04
    2.62455e+03     3.71718e-01     1.00397e-01     6.19530e+04
    2.62465e+03     3.71418e-01     1.00330e-01     6.19030e+04
    2.62475e+03     3.70782e-01     1.00459e-01     6.17970e+04
    2.62485e+03     3.72270e-01     9.98352e-02     6.20450e+04
    2.62495e+03     3.74430e-01     1.00968e-01     6.24050e+04
    2.62505e+03     3.78348e-01     1.01074e-01     6.30580e+04
    2.62515e+03     3.80268e-01     9.98304e-02     6.33780e+04
    2.62525e+03     3.78594e-01     1.00877e-01     6.30990e+04
    2.62535e+03     3.77682e-01     9.96144e-02     6.29470e+04
    2.62545e+03     3.81516e-01     1.00234e-01     6.35860e+04
    2.62555e+03     3.87630e-01     9.99552e-02     6.46050e+04
    2.62565e+03     3.88692e-01     1.00378e-01     6.47820e+04
    2.62575e+03     3.96324e-01     9.93120e-02     6.60540e+04
    2.62585e+03     4.03470e-01     9.95952e-02     6.72450e+04
    2.62595e+03     4.27308e-01     1.00128e-01     7.12180e+04
    2.62605e+03     4.51134e-01     9.99312e-02     7.51890e+04
    2.62615e+03     4.43466e-01     9.96768e-02     7.39110e+04
    2.62625e+03     4.38234e-01     1.00166e-01     7.30390e+04
    2.62635e+03     4.33446e-01     1.00594e-01     7.22410e+04
    2.62645e+03     4.30026e-01     9.88848e-02     7.16710e+04
    2.62655e+03     4.20114e-01     9.99504e-02     7.00190e+04
    2.62665e+03     4.17834e-01     9.84432e-02     6.96390e+04
    2.62675e+03     4.19796e-01     9.95472e-02     6.99660e+04
    2.62685e+03     4.24176e-01     9.94992e-02     7.06960e+04
    2.62695e+03     4.02342e-01     1.00978e-01     6.70570e+04
    2.62705e+03     3.83910e-01     1.00694e-01     6.39850e+04
    2.62715e+03     3.80442e-01     9.97968e-02     6.34070e+04
    2.62725e+03     3.78828e-01     1.00598e-01     6.31380e+04
    2.62735e+03     3.78408e-01     9.99408e-02     6.30680e+04
    2.62745e+03     3.78000e-01     9.89664e-02     6.30000e+04
    2.62755e+03     3.73722e-01     1.00858e-01     6.22870e+04
    2.62765e+03     3.76560e-01     9.97392e-02     6.27600e+04
    2.62775e+03     3.73134e-01     9.92592e-02     6.21890e+04
    2.62785e+03     3.72606e-01     9.98160e-02     6.21010e+04
    2.62795e+03     3.73998e-01     1.00522e-01     6.23330e+04
    2.62805e+03     3.72336e-01     9.94272e-02     6.20560e+04
    2.62815e+03     3.72450e-01     1.00632e-01     6.20750e+04
    2.62825e+03     3.68460e-01     9.96432e-02     6.14100e+04
    2.62835e+03     3.68874e-01     1.00176e-01     6.14790e+04
    2.62845e+03     3.70674e-01     1.00766e-01     6.17790e+04
    2.62855e+03     3.68556e-01     9.96816e-02     6.14260e+04
    2.62865e+03     3.71250e-01     1.00565e-01     6.18750e+04
    2.62875e+03     3.69540e-01     1.00037e-01     6.15900e+04
    2.62885e+03     3.68106e-01     9.98208e-02     6.13510e+04
    2.62895e+03     3.70044e-01     1.00661e-01     6.16740e+04
    2.62905e+03     3.70164e-01     1.00190e-01     6.16940e+04
    2.62915e+03     3.66960e-01     9.88176e-02     6.11600e+04
    2.62925e+03     3.69534e-01     1.00411e-01     6.15890e+04
    2.62935e+03     3.69606e-01     1.00248e-01     6.16010e+04
    2.62945e+03     3.67956e-01     9.89856e-02     6.13260e+04
    2.62955e+03     3.65838e-01     9.93456e-02     6.09730e+04
    2.62965e+03     3.71352e-01     1.00027e-01     6.18920e+04
    2.62975e+03     3.70848e-01     9.89568e-02     6.18080e+04
    2.62985e+03     3.69060e-01     9.96192e-02     6.15100e+04
    2.62995e+03     3.68640e-01     9.92400e-02     6.14400e+04
    2.63005e+03     3.70110e-01     9.90624e-02     6.16850e+04
    2.63015e+03     3.70818e-01     1.00147e-01     6.18030e+04
    2.63025e+03     3.68952e-01     9.95664e-02     6.14920e+04
    2.63035e+03     3.70674e-01     1.00944e-01     6.17790e+04
    2.63045e+03     3.70566e-01     1.00536e-01     6.17610e+04
    2.63055e+03     3.69714e-01     1.00133e-01     6.16190e+04
    2.63065e+03     3.73296e-01     9.94176e-02     6.22160e+04
    2.63075e+03     3.74034e-01     1.00018e-01     6.23390e+04
    2.63085e+03     3.73794e-01     1.00397e-01     6.22990e+04
    2.63095e+03     3.70032e-01     9.88224e-02     6.16720e+04
    2.63105e+03     3.73044e-01     9.97344e-02     6.21740e+04
    2.63115e+03     3.76080e-01     9.94992e-02     6.26800e+04
    2.63125e+03     3.76848e-01     9.78816e-02     6.28080e+04
    2.63135e+03     3.79470e-01     9.96960e-02     6.32450e+04
    2.63145e+03     3.84792e-01     1.00382e-01     6.41320e+04
    2.63155e+03     3.90282e-01     9.94656e-02     6.50470e+04
    2.63165e+03     4.01166e-01     1.01222e-01     6.68610e+04
    2.63175e+03     4.00914e-01     9.94464e-02     6.68190e+04
    2.63185e+03     4.01502e-01     1.00536e-01     6.69170e+04
    2.63195e+03     4.01190e-01     1.00229e-01     6.68650e+04
    2.63205e+03     3.96756e-01     9.91440e-02     6.61260e+04
    2.63215e+03     3.94584e-01     1.00906e-01     6.57640e+04
    2.63225e+03     3.93096e-01     1.01299e-01     6.55160e+04
    2.63235e+03     3.94344e-01     1.01266e-01     6.57240e+04
    2.63245e+03     3.90882e-01     1.00013e-01     6.51470e+04
    2.63255e+03     3.89616e-01     9.89328e-02     6.49360e+04
    2.63265e+03     3.80862e-01     1.01309e-01     6.34770e+04
    2.63275e+03     3.77592e-01     1.00286e-01     6.29320e+04
    2.63285e+03     3.74370e-01     9.93792e-02     6.23950e+04
    2.63295e+03     3.70668e-01     9.92688e-02     6.17780e+04
    2.63305e+03     3.69888e-01     9.97776e-02     6.16480e+04
    2.63315e+03     3.71322e-01     1.00277e-01     6.18870e+04
    2.63325e+03     3.69582e-01     9.90912e-02     6.15970e+04
    2.63335e+03     3.67932e-01     9.96480e-02     6.13220e+04
    2.63345e+03     3.72240e-01     1.00056e-01     6.20400e+04
    2.63355e+03     3.69498e-01     1.00301e-01     6.15830e+04
    2.63365e+03     3.68874e-01     1.00733e-01     6.14790e+04
    2.63375e+03     3.70122e-01     1.00517e-01     6.16870e+04
    2.63385e+03     3.64812e-01     1.00205e-01     6.08020e+04
    2.63395e+03     3.68592e-01     1.00411e-01     6.14320e+04
    2.63405e+03     3.65334e-01     1.00896e-01     6.08890e+04
    2.63415e+03     3.66366e-01     9.99168e-02     6.10610e+04
    2.63425e+03     3.70566e-01     9.96720e-02     6.17610e+04
    2.63435e+03     3.65226e-01     1.00248e-01     6.08710e+04
    2.63445e+03     3.66792e-01     1.01030e-01     6.11320e+04
    2.63455e+03     3.69798e-01     1.00258e-01     6.16330e+04
    2.63465e+03     3.67860e-01     1.00896e-01     6.13100e+04
    2.63475e+03     3.66750e-01     1.00387e-01     6.11250e+04
    2.63485e+03     3.66372e-01     9.97488e-02     6.10620e+04
    2.63495e+03     3.67776e-01     9.98880e-02     6.12960e+04
