    2.57305e+03     9.91452e-01     9.95148e-02     3.00440e+04
    2.57315e+03     1.00119e+00     9.81948e-02     3.03390e+04
    2.57325e+03     1.00475e+00     9.93696e-02     3.04470e+04
    2.57335e+03     9.94488e-01     9.76668e-02     3.01360e+04
    2.57345e+03     9.96270e-01     9.98052e-02     3.01900e+04
    2.57355e+03     1.00782e+00     1.00399e-01     3.05400e+04
    2.57365e+03     1.00145e+00     9.93960e-02     3.03470e+04
    2.57375e+03     1.00142e+00     1.00703e-01     3.03460e+04
    2.57385e+03     1.00066e+00     9.94884e-02     3.03230e+04
    2.57395e+03     9.96237e-01     9.80100e-02     3.01890e+04
    2.57405e+03     9.94125e-01     9.70860e-02     3.01250e+04
    2.57415e+03     1.00647e+00     1.01046e-01     3.04990e+04
    2.57425e+03     1.00307e+00     1.00294e-01     3.03960e+04
    2.57435e+03     1.00224e+00     9.98580e-02     3.03710e+04
    2.57445e+03     9.92310e-01     9.94620e-02     3.00700e+04
    2.57455e+03     9.98283e-01     1.00518e-01     3.02510e+04
    2.57465e+03     9.86601e-01     9.88812e-02     2.98970e+04
    2.57475e+03     1.00327e+00     1.03475e-01     3.04020e+04
    2.57485e+03     9.96996e-01     9.97788e-02     3.02120e+04
    2.57495e+03     9.95544e-01     9.95676e-02     3.01680e+04
    2.57505e+03     9.98448e-01     9.89340e-02     3.02560e+04
    2.57515e+03     9.97359e-01     1.01851e-01     3.02230e+04
    2.57525e+03     1.00449e+00     9.94224e-02     3.04390e+04
    2.57535e+03     1.00528e+00     1.00214e-01     3.04630e+04
    2.57545e+03     9.95346e-01     9.84588e-02     3.01620e+04
    2.57555e+03     1.00003e+00     1.02564e-01     3.03040e+04
    2.57565e+03     9.90957e-01     9.98448e-02     3.00290e+04
    2.57575e+03     1.00482e+00     1.00175e-01     3.04490e+04
    2.57585e+03     9.97524e-01     9.95148e-02     3.02280e+04
    2.57595e+03     1.00881e+00     1.00729e-01     3.05700e+04
    2.57605e+03     9.95478e-01     9.99504e-02     3.01660e+04
    2.57615e+03     1.00211e+00     1.00544e-01     3.03670e+04
    2.57625e+03     9.94719e-01     9.98712e-02     3.01430e+04
    2.57635e+03     1.00228e+00     9.90528e-02     3.03720e+04
    2.57645e+03     1.01178e+00     9.97128e-02     3.06600e+04
    2.57655e+03     1.00201e+00     1.01891e-01     3.03640e+04
    2.57665e+03     1.00432e+00     1.00742e-01     3.04340e+04
    2.57675e+03     1.00716e+00     9.94620e-02     3.05200e+04
    2.57685e+03     9.96699e-01     9.98976e-02     3.02030e+04
    2.57695e+03     1.00181e+00     1.00254e-01     3.03580e+04
    2.57705e+03     1.00973e+00     1.00307e-01     3.05980e+04
    2.57715e+03     9.92013e-01     9.90000e-02     3.00610e+04
    2.57725e+03     9.95214e-01     9.96336e-02     3.01580e+04
    2.57735e+03     1.00587e+00     1.00056e-01     3.04810e+04
    2.57745e+03     1.00637e+00     1.01416e-01     3.04960e+04
    2.57755e+03     1.00640e+00     9.93432e-02     3.04970e+04
    2.57765e+03     1.00323e+00     1.00426e-01     3.04010e+04
    2.57775e+03     9.93300e-01     1.01231e-01     3.01000e+04
    2.57785e+03     1.00333e+00     1.01838e-01     3.04040e+04
    2.57795e+03     1.00472e+00     9.95280e-02     3.04460e+04
    2.57805e+03     1.00383e+00     1.00544e-01     3.04190e+04
    2.57815e+03     9.96303e-01     9.89208e-02     3.01910e+04
    2.57825e+03     9.97590e-01     1.01112e-01     3.02300e+04
    2.57835e+03     9.98283e-01     1.00109e-01     3.02510e+04
    2.57845e+03     1.00333e+00     1.01112e-01     3.04040e+04
    2.57855e+03     9.98085e-01     1.00650e-01     3.02450e+04
    2.57865e+03     9.94587e-01     9.85908e-02     3.01390e+04
    2.57875e+03     1.00696e+00     1.01046e-01     3.05140e+04
    2.57885e+03     9.98547e-01     9.89868e-02     3.02590e+04
    2.57895e+03     1.00855e+00     1.01468e-01     3.05620e+04
    2.57905e+03     9.99240e-01     9.90792e-02     3.02800e+04
    2.57915e+03     9.95940e-01     9.89868e-02     3.01800e+04
    2.57925e+03     9.88779e-01     9.78912e-02     2.99630e+04
    2.57935e+03     1.00271e+00     9.96468e-02     3.03850e+04
    2.57945e+03     9.97062e-01     9.88812e-02     3.02140e+04
    2.57955e+03     9.92508e-01     9.82476e-02     3.00760e+04
    2.57965e+03     9.92409e-01     1.00373e-01     3.00730e+04
    2.57975e+03     9.94884e-01     1.00135e-01     3.01480e+04
    2.57985e+03     9.96072e-01     9.93696e-02     3.01840e+04
    2.57995e+03     9.96765e-01     9.82740e-02     3.02050e+04
    2.58005e+03     1.00360e+00     1.01983e-01     3.04120e+04
    2.58015e+03     9.93498e-01     9.77988e-02     3.01060e+04
    2.58025e+03     9.99141e-01     9.77328e-02     3.02770e+04
    2.58035e+03     9.98778e-01     1.00716e-01     3.02660e+04
    2.58045e+03     9.93069e-01     9.87360e-02     3.00930e+04
    2.58055e+03     1.00386e+00     9.95808e-02     3.04200e+04
    2.58065e+03     9.92376e-01     9.98316e-02     3.00720e+04
    2.58075e+03     9.93597e-01     1.00254e-01     3.01090e+04
    2.58085e+03     9.99834e-01     1.00412e-01     3.02980e+04
    2.58095e+03     9.94092e-01     1.00927e-01     3.01240e+04
    2.58105e+03     9.93069e-01     9.82080e-02     3.00930e+04
    2.58115e+03     9.96600e-01     1.00082e-01     3.02000e+04
    2.58125e+03     9.86700e-01     9.86304e-02     2.99000e+04
    2.58135e+03     9.84093e-01     9.75216e-02     2.98210e+04
    2.58145e+03     9.88218e-01     9.94620e-02     2.99460e+04
    2.58155e+03     9.92211e-01     1.00294e-01     3.00670e+04
    2.58165e+03     9.89241e-01     9.88680e-02     2.99770e+04
    2.58175e+03     9.96996e-01     9.95544e-02     3.02120e+04
    2.58185e+03     9.87162e-01     9.90132e-02     2.99140e+04
    2.58195e+03     9.99537e-01     9.96600e-02     3.02890e+04
    2.58205e+03     1.00323e+00     1.00571e-01     3.04010e+04
    2.58215e+03     9.91914e-01     9.82608e-02     3.00580e+04
    2.58225e+03     9.90528e-01     1.00148e-01     3.00160e+04
    2.58235e+03     9.97359e-01     1.00267e-01     3.02230e+04
    2.58245e+03     9.99537e-01     1.00122e-01     3.02890e+04
    2.58255e+03     9.81981e-01     9.96468e-02     2.97570e+04
    2.58265e+03     9.96864e-01     9.78252e-02     3.02080e+04
    2.58275e+03     9.79638e-01     9.79440e-02     2.96860e+04
    2.58285e+03     9.87129e-01     9.81552e-02     2.99130e+04
    2.58295e+03     9.83400e-01     9.91056e-02     2.98000e+04
    2.58305e+03     9.93762e-01     1.00003e-01     3.01140e+04
    2.58315e+03     9.88581e-01     1.00650e-01     2.99570e+04
    2.58325e+03     9.84390e-01     9.83004e-02     2.98300e+04
    2.58335e+03     9.86865e-01     9.65184e-02     2.99050e+04
    2.58345e+03     9.82971e-01     9.81024e-02     2.97870e+04
    2.58355e+03     9.88086e-01     9.84588e-02     2.99420e+04
    2.58365e+03     9.87426e-01     1.00109e-01     2.99220e+04
    2.58375e+03     9.89109e-01     9.84192e-02     2.99730e+04
    2.58385e+03     9.85248e-01     9.86832e-02     2.98560e+04
    2.58395e+03     9.76371e-01     9.83400e-02     2.95870e+04
    2.58405e+03     9.73896e-01     9.70992e-02     2.95120e+04
    2.58415e+03     9.80133e-01     9.81684e-02     2.97010e+04
    2.58425e+03     9.85677e-01     9.82740e-02     2.98690e+04
    2.58435e+03     9.77262e-01     9.76932e-02     2.96140e+04
    2.58445e+03     9.59112e-01     9.60960e-02     2.90640e+04
    2.58455e+03     9.75249e-01     9.74424e-02     2.95530e+04
    2.58465e+03     9.69507e-01     9.59112e-02     2.93790e+04
    2.58475e+03     9.54063e-01     9.49080e-02     2.89110e+04
    2.58485e+03     9.60927e-01     9.63204e-02     2.91190e+04
    2.58495e+03     9.48915e-01     9.45516e-02     2.87550e+04
    2.58505e+03     9.49014e-01     9.48420e-02     2.87580e+04
    2.58515e+03     9.47001e-01     9.51588e-02     2.86970e+04
    2.58525e+03     9.41853e-01     9.45780e-02     2.85410e+04
    2.58535e+03     9.22284e-01     9.24924e-02     2.79480e+04
    2.58545e+03     9.00570e-01     8.90868e-02     2.72900e+04
    2.58555e+03     9.03870e-01     9.20040e-02     2.73900e+04
    2.58565e+03     8.63148e-01     8.45592e-02     2.61560e+04
    2.58575e+03     8.51136e-01     8.15760e-02     2.57920e+04
    2.58585e+03     8.21898e-01     8.07180e-02     2.49060e+04
    2.58595e+03     7.69098e-01     7.65468e-02     2.33060e+04
    2.58605e+03     7.20786e-01     6.85212e-02     2.18420e+04
    2.58615e+03     7.26594e-01     6.89436e-02     2.20180e+04
    2.58625e+03     8.39421e-01     7.96356e-02     2.54370e+04
    2.58635e+03     9.85842e-01     9.52908e-02     2.98740e+04
    2.58645e+03     1.02746e+00     1.00109e-01     3.11350e+04
    2.58655e+03     1.04254e+00     9.68484e-02     3.15920e+04
    2.58665e+03     1.03679e+00     9.84852e-02     3.14180e+04
    2.58675e+03     1.04808e+00     9.95412e-02     3.17600e+04
    2.58685e+03     1.04960e+00     1.00610e-01     3.18060e+04
    2.58695e+03     1.04633e+00     1.01046e-01     3.17070e+04
    2.58705e+03     1.03868e+00     9.99636e-02     3.14750e+04
    2.58715e+03     1.02561e+00     9.95148e-02     3.10790e+04
    2.58725e+03     1.02798e+00     1.00782e-01     3.11510e+04
    2.58735e+03     1.02303e+00     1.01297e-01     3.10010e+04
    2.58745e+03     1.02775e+00     1.01350e-01     3.11440e+04
    2.58755e+03     1.02095e+00     1.00386e-01     3.09380e+04
    2.58765e+03     1.00495e+00     9.94620e-02     3.04530e+04
    2.58775e+03     1.01125e+00     1.01138e-01     3.06440e+04
    2.58785e+03     1.00901e+00     9.89340e-02     3.05760e+04
    2.58795e+03     1.01815e+00     1.00848e-01     3.08530e+04
    2.58805e+03     1.00221e+00     1.00294e-01     3.03700e+04
    2.58815e+03     1.00891e+00     1.00373e-01     3.05730e+04
    2.58825e+03     9.99141e-01     9.91320e-02     3.02770e+04
    2.58835e+03     1.00046e+00     9.91188e-02     3.03170e+04
    2.58845e+03     1.00643e+00     9.91320e-02     3.04980e+04
    2.58855e+03     1.01089e+00     1.01455e-01     3.06330e+04
    2.58865e+03     9.95313e-01     9.93828e-02     3.01610e+04
    2.58875e+03     1.00501e+00     1.00109e-01     3.04550e+04
    2.58885e+03     9.99306e-01     9.95676e-02     3.02820e+04
    2.58895e+03     1.01181e+00     9.98976e-02     3.06610e+04
    2.58905e+03     1.00653e+00     1.01706e-01     3.05010e+04
    2.58915e+03     9.99933e-01     9.99240e-02     3.03010e+04
    2.58925e+03     1.00861e+00     1.02696e-01     3.05640e+04
    2.58935e+03     1.01020e+00     1.01548e-01     3.06120e+04
    2.58945e+03     1.00643e+00     1.02485e-01     3.04980e+04
    2.58955e+03     1.00934e+00     1.01785e-01     3.05860e+04
    2.58965e+03     9.93960e-01     9.92112e-02     3.01200e+04
    2.58975e+03     1.01026e+00     9.99240e-02     3.06140e+04
    2.58985e+03     1.00003e+00     1.00624e-01     3.03040e+04
    2.58995e+03     9.94620e-01     1.00214e-01     3.01400e+04
    2.59005e+03     9.99999e-01     1.00795e-01     3.03030e+04
    2.59015e+03     9.91485e-01     9.90660e-02     3.00450e+04
    2.59025e+03     1.00089e+00     9.84192e-02     3.03300e+04
    2.59035e+03     9.91056e-01     9.88416e-02     3.00320e+04
    2.59045e+03     9.96864e-01     1.00624e-01     3.02080e+04
    2.59055e+03     9.97359e-01     9.86040e-02     3.02230e+04
    2.59065e+03     1.00181e+00     1.00835e-01     3.03580e+04
    2.59075e+03     9.96303e-01     9.94356e-02     3.01910e+04
    2.59085e+03     1.00604e+00     9.98712e-02     3.04860e+04
    2.59095e+03     1.00188e+00     9.86172e-02     3.03600e+04
    2.59105e+03     1.00825e+00     9.90660e-02     3.05530e+04
    2.59115e+03     9.97986e-01     9.91848e-02     3.02420e+04
    2.59125e+03     1.00723e+00     1.00373e-01     3.05220e+04
    2.59135e+03     1.00271e+00     1.01917e-01     3.03850e+04
    2.59145e+03     1.00053e+00     9.91452e-02     3.03190e+04
    2.59155e+03     9.91353e-01     9.91716e-02     3.00410e+04
    2.59165e+03     9.95643e-01     9.97260e-02     3.01710e+04
    2.59175e+03     9.85512e-01     9.90396e-02     2.98640e+04
    2.59185e+03     9.99471e-01     1.00109e-01     3.02870e+04
    2.59195e+03     9.91221e-01     9.88812e-02     3.00370e+04
    2.59205e+03     9.99504e-01     9.93960e-02     3.02880e+04
    2.59215e+03     1.00676e+00     1.01508e-01     3.05080e+04
    2.59225e+03     9.91782e-01     9.77064e-02     3.00540e+04
    2.59235e+03     1.00228e+00     1.00439e-01     3.03720e+04
    2.59245e+03     9.82707e-01     9.90132e-02     2.97790e+04
    2.59255e+03     9.85545e-01     1.00346e-01     2.98650e+04
    2.59265e+03     9.78153e-01     9.70068e-02     2.96410e+04
    2.59275e+03     9.94158e-01     9.97260e-02     3.01260e+04
    2.59285e+03     9.87459e-01     9.78648e-02     2.99230e+04
    2.59295e+03     9.87888e-01     9.98316e-02     2.99360e+04
    2.59305e+03     9.84918e-01     9.95280e-02     2.98460e+04
    2.59315e+03     9.89472e-01     9.97656e-02     2.99840e+04
    2.59325e+03     9.92310e-01     9.96336e-02     3.00700e+04
    2.59335e+03     9.89637e-01     9.76536e-02     2.99890e+04
    2.59345e+03     9.96666e-01     1.00663e-01     3.02020e+04
    2.59355e+03     9.83169e-01     9.91980e-02     2.97930e+04
    2.59365e+03     9.95214e-01     9.96600e-02     3.01580e+04
    2.59375e+03     9.95148e-01     1.00571e-01     3.01560e+04
    2.59385e+03     9.91980e-01     1.00888e-01     3.00600e+04
    2.59395e+03     9.86040e-01     9.93168e-02     2.98800e+04
    2.59405e+03     9.93828e-01     9.92772e-02     3.01160e+04
    2.59415e+03     9.93894e-01     9.95544e-02     3.01180e+04
    2.59425e+03     9.81882e-01     9.87888e-02     2.97540e+04
    2.59435e+03     9.89802e-01     1.01376e-01     2.99940e+04
    2.59445e+03     9.99273e-01     9.91188e-02     3.02810e+04
    2.59455e+03     9.87261e-01     9.97260e-02     2.99170e+04
    2.59465e+03     9.90891e-01     9.98316e-02     3.00270e+04
    2.59475e+03     9.90363e-01     9.79176e-02     3.00110e+04
    2.59485e+03     9.81750e-01     9.80892e-02     2.97500e+04
    2.59495e+03     9.80199e-01     9.76008e-02     2.97030e+04
    2.59505e+03     9.83763e-01     9.75612e-02     2.98110e+04
    2.59515e+03     9.91089e-01     9.80232e-02     3.00330e+04
    2.59525e+03     9.78483e-01     9.75480e-02     2.96510e+04
    2.59535e+03     9.81717e-01     9.86700e-02     2.97490e+04
    2.59545e+03     9.86568e-01     9.97656e-02     2.98960e+04
    2.59555e+03     9.77790e-01     9.76008e-02     2.96300e+04
    2.59565e+03     9.70926e-01     9.69804e-02     2.94220e+04
    2.59575e+03     9.60729e-01     9.58716e-02     2.91130e+04
    2.59585e+03     9.72345e-01     9.73236e-02     2.94650e+04
    2.59595e+03     9.79506e-01     9.74424e-02     2.96820e+04
    2.59605e+03     9.75546e-01     9.79836e-02     2.95620e+04
    2.59615e+03     9.72345e-01     9.61752e-02     2.94650e+04
    2.59625e+03     9.81849e-01     9.58320e-02     2.97530e+04
    2.59635e+03     9.62874e-01     9.63072e-02     2.91780e+04
    2.59645e+03     9.77295e-01     9.65316e-02     2.96150e+04
    2.59655e+03     9.67098e-01     9.62280e-02     2.93060e+04
    2.59665e+03     9.67197e-01     9.48156e-02     2.93090e+04
    2.59675e+03     9.72444e-01     9.70596e-02     2.94680e+04
    2.59685e+03     9.67890e-01     9.63204e-02     2.93300e+04
    2.59695e+03     9.68484e-01     9.38916e-02     2.93480e+04
    2.59705e+03     9.58749e-01     9.61224e-02     2.90530e+04
    2.59715e+03     9.64821e-01     9.50532e-02     2.92370e+04
    2.59725e+03     9.55350e-01     9.47760e-02     2.89500e+04
    2.59735e+03     9.45945e-01     9.31260e-02     2.86650e+04
    2.59745e+03     9.46011e-01     9.38916e-02     2.86670e+04
    2.59755e+03     9.46968e-01     9.38652e-02     2.86960e+04
    2.59765e+03     9.39807e-01     9.24660e-02     2.84790e+04
    2.59775e+03     9.30072e-01     9.14100e-02     2.81840e+04
    2.59785e+03     9.25749e-01     9.11592e-02     2.80530e+04
    2.59795e+03     9.16377e-01     8.89944e-02     2.77690e+04
    2.59805e+03     9.23835e-01     9.06180e-02     2.79950e+04
    2.59815e+03     9.12483e-01     8.80440e-02     2.76510e+04
    2.59825e+03     8.93838e-01     8.73048e-02     2.70860e+04
    2.59835e+03     8.96445e-01     8.50212e-02     2.71650e+04
    2.59845e+03     8.70936e-01     8.48628e-02     2.63920e+04
    2.59855e+03     8.64666e-01     8.30148e-02     2.62020e+04
    2.59865e+03     8.48826e-01     8.11272e-02     2.57220e+04
    2.59875e+03     8.30544e-01     7.85664e-02     2.51680e+04
    2.59885e+03     8.13582e-01     7.53852e-02     2.46540e+04
    2.59895e+03     7.83354e-01     7.21248e-02     2.37380e+04
    2.59905e+03     7.41972e-01     6.62904e-02     2.24840e+04
    2.59915e+03     7.05441e-01     6.02580e-02     2.13770e+04
    2.59925e+03     6.50100e-01     5.44368e-02     1.97000e+04
    2.59935e+03     6.08916e-01     4.82460e-02     1.84520e+04
    2.59945e+03     5.43411e-01     3.81612e-02     1.64670e+04
    2.59955e+03     4.88961e-01     2.88420e-02     1.48170e+04
    2.59965e+03     5.21961e-01     2.74692e-02     1.58170e+04
    2.59975e+03     7.21776e-01     4.28868e-02     2.18720e+04
    2.59985e+03     1.07105e+00     7.20324e-02     3.24560e+04
    2.59995e+03     1.27766e+00     9.33768e-02     3.87170e+04
    2.60005e+03     1.32997e+00     9.65316e-02     4.03020e+04
    2.60015e+03     1.32766e+00     9.62676e-02     4.02320e+04
    2.60025e+03     1.35432e+00     1.01297e-01     4.10400e+04
    2.60035e+03     1.37561e+00     9.96864e-02     4.16850e+04
    2.60045e+03     1.38095e+00     9.98844e-02     4.18470e+04
    2.60055e+03     1.35234e+00     9.97788e-02     4.09800e+04
    2.60065e+03     1.31076e+00     9.87624e-02     3.97200e+04
    2.60075e+03     1.24743e+00     9.87096e-02     3.78010e+04
    2.60085e+03     1.19902e+00     1.00927e-01     3.63340e+04
    2.60095e+03     1.14883e+00     9.98052e-02     3.48130e+04
    2.60105e+03     1.12038e+00     1.00201e-01     3.39510e+04
    2.60115e+03     1.10025e+00     9.98052e-02     3.33410e+04
    2.60125e+03     1.08982e+00     1.00703e-01     3.30250e+04
    2.60135e+03     1.07841e+00     9.94092e-02     3.26790e+04
    2.60145e+03     1.06659e+00     1.00993e-01     3.23210e+04
    2.60155e+03     1.06560e+00     1.01521e-01     3.22910e+04
    2.60165e+03     1.04396e+00     1.01442e-01     3.16350e+04
    2.60175e+03     1.04617e+00     1.01482e-01     3.17020e+04
    2.60185e+03     1.04534e+00     9.90264e-02     3.16770e+04
    2.60195e+03     1.03627e+00     1.00729e-01     3.14020e+04
    2.60205e+03     1.03821e+00     1.01455e-01     3.14610e+04
    2.60215e+03     1.02742e+00     1.01218e-01     3.11340e+04
    2.60225e+03     1.02161e+00     9.97656e-02     3.09580e+04
    2.60235e+03     1.01795e+00     1.00703e-01     3.08470e+04
    2.60245e+03     1.01802e+00     9.90264e-02     3.08490e+04
    2.60255e+03     1.00762e+00     1.00492e-01     3.05340e+04
    2.60265e+03     1.01927e+00     1.00307e-01     3.08870e+04
    2.60275e+03     1.02161e+00     1.00650e-01     3.09580e+04
    2.60285e+03     1.01449e+00     1.00742e-01     3.07420e+04
    2.60295e+03     1.00888e+00     9.90924e-02     3.05720e+04
    2.60305e+03     1.00822e+00     9.86040e-02     3.05520e+04
    2.60315e+03     1.00389e+00     9.95676e-02     3.04210e+04
    2.60325e+03     1.00907e+00     9.98976e-02     3.05780e+04
    2.60335e+03     1.00030e+00     9.80232e-02     3.03120e+04
    2.60345e+03     1.01627e+00     1.01864e-01     3.07960e+04
    2.60355e+03     1.00201e+00     9.96204e-02     3.03640e+04
    2.60365e+03     1.01765e+00     1.01244e-01     3.08380e+04
    2.60375e+03     1.01036e+00     1.01706e-01     3.06170e+04
    2.60385e+03     1.00812e+00     9.89076e-02     3.05490e+04
    2.60395e+03     1.00231e+00     9.83664e-02     3.03730e+04
    2.60405e+03     9.92640e-01     1.00280e-01     3.00800e+04
    2.60415e+03     1.00096e+00     1.00940e-01     3.03320e+04
    2.60425e+03     1.00577e+00     1.01059e-01     3.04780e+04
    2.60435e+03     9.96732e-01     9.82872e-02     3.02040e+04
    2.60445e+03     1.00759e+00     1.00518e-01     3.05330e+04
    2.60455e+03     1.01333e+00     1.01482e-01     3.07070e+04
    2.60465e+03     1.00181e+00     9.98184e-02     3.03580e+04
    2.60475e+03     9.87822e-01     9.82740e-02     2.99340e+04
    2.60485e+03     1.00752e+00     1.00993e-01     3.05310e+04
    2.60495e+03     1.00168e+00     9.92904e-02     3.03540e+04
    2.60505e+03     9.97359e-01     9.94752e-02     3.02230e+04
    2.60515e+03     1.00980e+00     1.02749e-01     3.06000e+04
    2.60525e+03     9.98151e-01     9.86832e-02     3.02470e+04
    2.60535e+03     1.01188e+00     1.01389e-01     3.06630e+04
    2.60545e+03     1.00686e+00     1.01825e-01     3.05110e+04
    2.60555e+03     9.95412e-01     9.80496e-02     3.01640e+04
    2.60565e+03     1.00488e+00     9.91848e-02     3.04510e+04
    2.60575e+03     1.00010e+00     9.81024e-02     3.03060e+04
    2.60585e+03     1.00782e+00     1.00003e-01     3.05400e+04
    2.60595e+03     1.00782e+00     1.01600e-01     3.05400e+04
    2.60605e+03     9.85314e-01     9.95808e-02     2.98580e+04
    2.60615e+03     9.95511e-01     1.01376e-01     3.01670e+04
    2.60625e+03     1.00855e+00     1.00808e-01     3.05620e+04
    2.60635e+03     9.91551e-01     9.90264e-02     3.00470e+04
    2.60645e+03     1.00353e+00     9.83532e-02     3.04100e+04
    2.60655e+03     1.00261e+00     1.00030e-01     3.03820e+04
    2.60665e+03     9.94554e-01     1.00399e-01     3.01380e+04
    2.60675e+03     9.88482e-01     9.67164e-02     2.99540e+04
    2.60685e+03     1.00360e+00     1.01798e-01     3.04120e+04
    2.60695e+03     9.98679e-01     1.00993e-01     3.02630e+04
    2.60705e+03     9.91617e-01     9.98184e-02     3.00490e+04
    2.60715e+03     9.90297e-01     9.62412e-02     3.00090e+04
    2.60725e+03     9.99075e-01     1.01640e-01     3.02750e+04
    2.60735e+03     1.00944e+00     1.00624e-01     3.05890e+04
    2.60745e+03     1.01155e+00     1.01891e-01     3.06530e+04
    2.60755e+03     1.01069e+00     1.00914e-01     3.06270e+04
    2.60765e+03     1.00848e+00     1.00043e-01     3.05600e+04
    2.60775e+03     1.00432e+00     9.91848e-02     3.04340e+04
    2.60785e+03     1.00125e+00     1.00228e-01     3.03410e+04
    2.60795e+03     1.00069e+00     9.89736e-02     3.03240e+04
    2.60805e+03     9.96963e-01     9.98448e-02     3.02110e+04
    2.60815e+03     9.93135e-01     9.90528e-02     3.00950e+04
    2.60825e+03     1.00680e+00     1.01244e-01     3.05090e+04
    2.60835e+03     1.00106e+00     9.95016e-02     3.03350e+04
    2.60845e+03     9.96765e-01     9.90924e-02     3.02050e+04
    2.60855e+03     1.00650e+00     1.00135e-01     3.05000e+04
    2.60865e+03     1.00280e+00     1.00927e-01     3.03880e+04
    2.60875e+03     9.98415e-01     9.98316e-02     3.02550e+04
    2.60885e+03     1.00007e+00     9.88680e-02     3.03050e+04
    2.60895e+03     9.97326e-01     9.96336e-02     3.02220e+04
    2.60905e+03     1.00812e+00     1.02208e-01     3.05490e+04
    2.60915e+03     9.90693e-01     9.89736e-02     3.00210e+04
    2.60925e+03     1.00402e+00     1.01204e-01     3.04250e+04
    2.60935e+03     1.00383e+00     1.00412e-01     3.04190e+04
    2.60945e+03     1.00799e+00     9.84588e-02     3.05450e+04
    2.60955e+03     9.98976e-01     1.00465e-01     3.02720e+04
    2.60965e+03     9.88383e-01     9.86436e-02     2.99510e+04
    2.60975e+03     1.01290e+00     1.01086e-01     3.06940e+04
    2.60985e+03     1.00657e+00     1.00822e-01     3.05020e+04
    2.60995e+03     9.92277e-01     9.84324e-02     3.00690e+04
    2.61005e+03     1.01191e+00     1.01336e-01     3.06640e+04
    2.61015e+03     1.00673e+00     9.93432e-02     3.05070e+04
    2.61025e+03     1.00904e+00     1.02142e-01     3.05770e+04
    2.61035e+03     9.96039e-01     1.00069e-01     3.01830e+04
    2.61045e+03     1.00749e+00     9.94092e-02     3.05300e+04
    2.61055e+03     1.00950e+00     1.00716e-01     3.05910e+04
    2.61065e+03     1.00049e+00     9.91320e-02     3.03180e+04
    2.61075e+03     1.00838e+00     1.00346e-01     3.05570e+04
    2.61085e+03     1.00376e+00     1.00650e-01     3.04170e+04
    2.61095e+03     1.00848e+00     9.88416e-02     3.05600e+04
    2.61105e+03     1.00597e+00     9.81684e-02     3.04840e+04
    2.61115e+03     1.00030e+00     9.81420e-02     3.03120e+04
    2.61125e+03     1.00934e+00     9.84456e-02     3.05860e+04
    2.61135e+03     1.00947e+00     1.01653e-01     3.05900e+04
    2.61145e+03     1.00317e+00     9.93168e-02     3.03990e+04
    2.61155e+03     1.01013e+00     9.97260e-02     3.06100e+04
    2.61165e+03     1.01426e+00     9.90792e-02     3.07350e+04
    2.61175e+03     1.02115e+00     9.84324e-02     3.09440e+04
    2.61185e+03     1.02468e+00     1.00993e-01     3.10510e+04
    2.61195e+03     1.01808e+00     9.88020e-02     3.08510e+04
    2.61205e+03     1.04405e+00     9.98052e-02     3.16380e+04
    2.61215e+03     1.06785e+00     1.01231e-01     3.23590e+04
    2.61225e+03     1.06854e+00     9.94488e-02     3.23800e+04
    2.61235e+03     1.08029e+00     9.93432e-02     3.27360e+04
    2.61245e+03     1.08481e+00     1.01983e-01     3.28730e+04
    2.61255e+03     1.07362e+00     9.89076e-02     3.25340e+04
    2.61265e+03     1.08240e+00     1.01350e-01     3.28000e+04
    2.61275e+03     1.07884e+00     9.93300e-02     3.26920e+04
    2.61285e+03     1.08349e+00     1.00650e-01     3.28330e+04
    2.61295e+03     1.07468e+00     9.97392e-02     3.25660e+04
    2.61305e+03     1.08686e+00     1.00109e-01     3.29350e+04
    2.61315e+03     1.05953e+00     1.00729e-01     3.21070e+04
    2.61325e+03     1.04115e+00     9.99900e-02     3.15500e+04
    2.61335e+03     1.02531e+00     9.91188e-02     3.10700e+04
    2.61345e+03     1.02119e+00     9.95940e-02     3.09450e+04
    2.61355e+03     1.00898e+00     9.89076e-02     3.05750e+04
    2.61365e+03     1.01528e+00     9.96864e-02     3.07660e+04
    2.61375e+03     1.00911e+00     9.83664e-02     3.05790e+04
    2.61385e+03     1.01237e+00     1.00043e-01     3.06780e+04
    2.61395e+03     1.00551e+00     9.89604e-02     3.04700e+04
    2.61405e+03     1.01518e+00     1.01138e-01     3.07630e+04
    2.61415e+03     1.00337e+00     9.87360e-02     3.04050e+04
    2.61425e+03     1.00934e+00     1.01020e-01     3.05860e+04
    2.61435e+03     1.00356e+00     1.02142e-01     3.04110e+04
    2.61445e+03     1.00954e+00     1.00967e-01     3.05920e+04
    2.61455e+03     1.01267e+00     9.97788e-02     3.06870e+04
    2.61465e+03     1.01056e+00     1.01732e-01     3.06230e+04
    2.61475e+03     1.00937e+00     9.99108e-02     3.05870e+04
    2.61485e+03     1.01171e+00     1.02986e-01     3.06580e+04
    2.61495e+03     1.00835e+00     9.99504e-02     3.05560e+04
    2.61505e+03     1.01079e+00     1.01257e-01     3.06300e+04
    2.61515e+03     1.00188e+00     1.00795e-01     3.03600e+04
    2.61525e+03     1.00086e+00     9.97656e-02     3.03290e+04
    2.61535e+03     1.01878e+00     1.02656e-01     3.08720e+04
    2.61545e+03     1.00125e+00     9.98844e-02     3.03410e+04
    2.61555e+03     1.00320e+00     9.99768e-02     3.04000e+04
    2.61565e+03     1.00125e+00     9.97260e-02     3.03410e+04
    2.61575e+03     1.00369e+00     9.94620e-02     3.04150e+04
    2.61585e+03     1.00307e+00     9.93036e-02     3.03960e+04
    2.61595e+03     9.96204e-01     9.96864e-02     3.01880e+04
    2.61605e+03     1.00478e+00     1.00822e-01     3.04480e+04
    2.61615e+03     1.00145e+00     1.00175e-01     3.03470e+04
    2.61625e+03     1.00742e+00     9.89208e-02     3.05280e+04
    2.61635e+03     1.00188e+00     1.00901e-01     3.03600e+04
    2.61645e+03     9.95610e-01     1.00848e-01     3.01700e+04
    2.61655e+03     1.00663e+00     1.00148e-01     3.05040e+04
    2.61665e+03     9.97821e-01     1.00610e-01     3.02370e+04
    2.61675e+03     9.93564e-01     1.00518e-01     3.01080e+04
    2.61685e+03     9.97128e-01     9.90528e-02     3.02160e+04
    2.61695e+03     1.00211e+00     1.00505e-01     3.03670e+04
    2.61705e+03     9.98712e-01     9.82344e-02     3.02640e+04
    2.61715e+03     9.99801e-01     1.00003e-01     3.02970e+04
    2.61725e+03     9.99339e-01     1.02049e-01     3.02830e+04
    2.61735e+03     9.98415e-01     9.90396e-02     3.02550e+04
    2.61745e+03     9.99141e-01     9.86964e-02     3.02770e+04
    2.61755e+03     1.00947e+00     1.01204e-01     3.05900e+04
    2.61765e+03     9.86337e-01     9.95940e-02     2.98890e+04
    2.61775e+03     9.92706e-01     9.81816e-02     3.00820e+04
    2.61785e+03     1.00772e+00     9.95148e-02     3.05370e+04
    2.61795e+03     9.99174e-01     1.01376e-01     3.02780e+04
    2.61805e+03     1.00386e+00     1.00769e-01     3.04200e+04
    2.61815e+03     9.92805e-01     1.02234e-01     3.00850e+04
    2.61825e+03     1.00198e+00     9.97920e-02     3.03630e+04
    2.61835e+03     9.98910e-01     9.86964e-02     3.02700e+04
    2.61845e+03     9.97491e-01     9.91584e-02     3.02270e+04
    2.61855e+03     1.00482e+00     9.89076e-02     3.04490e+04
    2.61865e+03     9.99306e-01     9.86172e-02     3.02820e+04
    2.61875e+03     9.94092e-01     9.85644e-02     3.01240e+04
    2.61885e+03     9.93696e-01     1.00993e-01     3.01120e+04
    2.61895e+03     9.92772e-01     9.93432e-02     3.00840e+04
    2.61905e+03     9.97326e-01     1.00439e-01     3.02220e+04
    2.61915e+03     9.96402e-01     9.83664e-02     3.01940e+04
    2.61925e+03     1.00145e+00     9.86172e-02     3.03470e+04
    2.61935e+03     1.00228e+00     1.01627e-01     3.03720e+04
    2.61945e+03     1.00422e+00     9.82212e-02     3.04310e+04
    2.61955e+03     9.99042e-01     9.91584e-02     3.02740e+04
    2.61965e+03     1.00439e+00     1.02472e-01     3.04360e+04
    2.61975e+03     1.00373e+00     1.00254e-01     3.04160e+04
    2.61985e+03     9.97359e-01     9.82476e-02     3.02230e+04
    2.61995e+03     1.01406e+00     1.01350e-01     3.07290e+04
    2.62005e+03     9.94752e-01     1.00571e-01     3.01440e+04
    2.62015e+03     9.95478e-01     9.92772e-02     3.01660e+04
    2.62025e+03     9.97293e-01     1.00267e-01     3.02210e+04
    2.62035e+03     1.00063e+00     9.82080e-02     3.03220e+04
    2.62045e+03     1.00558e+00     1.02247e-01     3.04720e+04
    2.62055e+03     9.98943e-01     9.93564e-02     3.02710e+04
    2.62065e+03     9.98679e-01     9.93960e-02     3.02630e+04
    2.62075e+03     9.96699e-01     9.79704e-02     3.02030e+04
    2.62085e+03     9.95874e-01     9.92640e-02     3.01780e+04
    2.62095e+03     1.00525e+00     1.01165e-01     3.04620e+04
    2.62105e+03     1.00601e+00     1.00782e-01     3.04850e+04
    2.62115e+03     1.00577e+00     1.00412e-01     3.04780e+04
    2.62125e+03     9.97854e-01     1.00109e-01     3.02380e+04
    2.62135e+03     9.94488e-01     9.91056e-02     3.01360e+04
    2.62145e+03     1.00535e+00     1.00808e-01     3.04650e+04
    2.62155e+03     9.89868e-01     9.81024e-02     2.99960e+04
    2.62165e+03     1.00782e+00     1.00148e-01     3.05400e+04
    2.62175e+03     1.00548e+00     9.81816e-02     3.04690e+04
    2.62185e+03     1.00643e+00     1.01231e-01     3.04980e+04
    2.62195e+03     9.95313e-01     9.79836e-02     3.01610e+04
    2.62205e+03     9.90561e-01     9.89868e-02     3.00170e+04
    2.62215e+03     1.00782e+00     9.91584e-02     3.05400e+04
    2.62225e+03     9.99768e-01     9.97920e-02     3.02960e+04
    2.62235e+03     9.99042e-01     9.98844e-02     3.02740e+04
    2.62245e+03     9.89472e-01     1.00333e-01     2.99840e+04
    2.62255e+03     1.00125e+00     1.01508e-01     3.03410e+04
    2.62265e+03     1.00940e+00     1.00452e-01     3.05880e+04
    2.62275e+03     1.00313e+00     1.00267e-01     3.03980e+04
    2.62285e+03     9.98943e-01     9.99900e-02     3.02710e+04
    2.62295e+03     1.00386e+00     9.99372e-02     3.04200e+04
    2.62305e+03     9.98613e-01     9.88680e-02     3.02610e+04
    2.62315e+03     1.00828e+00     1.00109e-01     3.05540e+04
    2.62325e+03     9.98877e-01     9.99900e-02     3.02690e+04
    2.62335e+03     9.93102e-01     9.84588e-02     3.00940e+04
    2.62345e+03     9.90924e-01     1.01416e-01     3.00280e+04
    2.62355e+03     1.00983e+00     1.00980e-01     3.06010e+04
    2.62365e+03     9.97260e-01     1.00795e-01     3.02200e+04
    2.62375e+03     9.96633e-01     9.71916e-02     3.02010e+04
    2.62385e+03     1.00007e+00     1.00426e-01     3.03050e+04
    2.62395e+03     9.99042e-01     9.92772e-02     3.02740e+04
    2.62405e+03     1.00221e+00     9.87492e-02     3.03700e+04
    2.62415e+03     1.00973e+00     9.94620e-02     3.05980e+04
    2.62425e+03     1.00647e+00     9.98184e-02     3.04990e+04
    2.62435e+03     1.00766e+00     1.01746e-01     3.05350e+04
    2.62445e+03     1.00376e+00     9.93168e-02     3.04170e+04
    2.62455e+03     1.00195e+00     1.00162e-01     3.03620e+04
    2.62465e+03     1.00832e+00     9.93300e-02     3.05550e+04
    2.62475e+03     9.98613e-01     9.78516e-02     3.02610e+04
    2.62485e+03     1.01759e+00     1.01257e-01     3.08360e+04
    2.62495e+03     1.00762e+00     1.00267e-01     3.05340e+04
    2.62505e+03     1.00040e+00     9.84060e-02     3.03150e+04
    2.62515e+03     1.01056e+00     1.00610e-01     3.06230e+04
    2.62525e+03     1.00053e+00     9.83532e-02     3.03190e+04
    2.62535e+03     1.01904e+00     9.99636e-02     3.08800e+04
    2.62545e+03     1.01508e+00     9.85776e-02     3.07600e+04
    2.62555e+03     1.01092e+00     9.90528e-02     3.06340e+04
    2.62565e+03     1.02079e+00     1.00993e-01     3.09330e+04
    2.62575e+03     1.02752e+00     9.95148e-02     3.11370e+04
    2.62585e+03     1.03198e+00     9.91584e-02     3.12720e+04
    2.62595e+03     1.06712e+00     9.98712e-02     3.23370e+04
    2.62605e+03     1.08108e+00     9.83796e-02     3.27600e+04
    2.62615e+03     1.07692e+00     9.86040e-02     3.26340e+04
    2.62625e+03     1.07530e+00     9.99240e-02     3.25850e+04
    2.62635e+03     1.08326e+00     9.85248e-02     3.28260e+04
    2.62645e+03     1.08788e+00     1.00162e-01     3.29660e+04
    2.62655e+03     1.07474e+00     1.00109e-01     3.25680e+04
    2.62665e+03     1.08398e+00     1.01363e-01     3.28480e+04
    2.62675e+03     1.08398e+00     9.97392e-02     3.28480e+04
    2.62685e+03     1.09359e+00     1.00056e-01     3.31390e+04
    2.62695e+03     1.06765e+00     1.00360e-01     3.23530e+04
    2.62705e+03     1.04567e+00     9.87624e-02     3.16870e+04
    2.62715e+03     1.02584e+00     1.00175e-01     3.10860e+04
    2.62725e+03     1.02194e+00     9.86964e-02     3.09680e+04
    2.62735e+03     1.02033e+00     9.98976e-02     3.09190e+04
    2.62745e+03     1.01924e+00     1.00465e-01     3.08860e+04
    2.62755e+03     1.00376e+00     9.83268e-02     3.04170e+04
    2.62765e+03     1.01181e+00     9.96996e-02     3.06610e+04
    2.62775e+03     1.00894e+00     9.82740e-02     3.05740e+04
    2.62785e+03     1.00640e+00     9.88416e-02     3.04970e+04
    2.62795e+03     1.00841e+00     1.00439e-01     3.05580e+04
    2.62805e+03     1.00551e+00     9.92244e-02     3.04700e+04
    2.62815e+03     1.01112e+00     1.00096e-01     3.06400e+04
    2.62825e+03     9.93234e-01     9.96336e-02     3.00980e+04
    2.62835e+03     1.00719e+00     1.00558e-01     3.05210e+04
    2.62845e+03     1.02224e+00     1.00967e-01     3.09770e+04
    2.62855e+03     1.00568e+00     9.92112e-02     3.04750e+04
    2.62865e+03     1.00535e+00     1.00148e-01     3.04650e+04
    2.62875e+03     1.00323e+00     1.01706e-01     3.04010e+04
    2.62885e+03     9.94719e-01     9.93960e-02     3.01430e+04
    2.62895e+03     1.00977e+00     1.01112e-01     3.05990e+04
    2.62905e+03     1.00343e+00     1.00016e-01     3.04070e+04
    2.62915e+03     9.95478e-01     9.96996e-02     3.01660e+04
    2.62925e+03     9.98679e-01     1.00676e-01     3.02630e+04
    2.62935e+03     1.00637e+00     1.01455e-01     3.04960e+04
    2.62945e+03     1.00795e+00     1.00478e-01     3.05440e+04
    2.62955e+03     1.00277e+00     1.01310e-01     3.03870e+04
    2.62965e+03     9.97062e-01     9.96864e-02     3.02140e+04
    2.62975e+03     1.01224e+00     9.99768e-02     3.06740e+04
    2.62985e+03     1.00495e+00     9.86040e-02     3.04530e+04
    2.62995e+03     1.00158e+00     9.89076e-02     3.03510e+04
    2.63005e+03     1.00337e+00     9.82080e-02     3.04050e+04
    2.63015e+03     1.00304e+00     9.86040e-02     3.03950e+04
    2.63025e+03     1.01706e+00     1.01046e-01     3.08200e+04
    2.63035e+03     1.00805e+00     9.93828e-02     3.05470e+04
    2.63045e+03     1.01059e+00     1.01350e-01     3.06240e+04
    2.63055e+03     1.00640e+00     1.01917e-01     3.04970e+04
    2.63065e+03     1.01399e+00     1.00492e-01     3.07270e+04
    2.63075e+03     1.00713e+00     9.98580e-02     3.05190e+04
    2.63085e+03     1.00498e+00     9.92772e-02     3.04540e+04
    2.63095e+03     1.00515e+00     1.00043e-01     3.04590e+04
    2.63105e+03     1.01056e+00     9.95148e-02     3.06230e+04
    2.63115e+03     1.00548e+00     9.97788e-02     3.04690e+04
    2.63125e+03     1.00201e+00     9.92244e-02     3.03640e+04
    2.63135e+03     1.00092e+00     9.91584e-02     3.03310e+04
    2.63145e+03     1.01455e+00     9.91716e-02     3.07440e+04
    2.63155e+03     1.03148e+00     1.00386e-01     3.12570e+04
    2.63165e+03     1.03448e+00     9.95676e-02     3.13480e+04
    2.63175e+03     1.03287e+00     9.70728e-02     3.12990e+04
    2.63185e+03     1.05075e+00     1.00056e-01     3.18410e+04
    2.63195e+03     1.03297e+00     9.93960e-02     3.13020e+04
    2.63205e+03     1.02907e+00     1.00637e-01     3.11840e+04
    2.63215e+03     1.04607e+00     1.00690e-01     3.16990e+04
    2.63225e+03     1.03818e+00     1.01640e-01     3.14600e+04
    2.63235e+03     1.05303e+00     1.00624e-01     3.19100e+04
    2.63245e+03     1.04247e+00     1.00386e-01     3.15900e+04
    2.63255e+03     1.03495e+00     9.92112e-02     3.13620e+04
    2.63265e+03     1.01554e+00     9.67692e-02     3.07740e+04
    2.63275e+03     1.02165e+00     9.93432e-02     3.09590e+04
    2.63285e+03     1.01482e+00     9.92244e-02     3.07520e+04
    2.63295e+03     1.02076e+00     1.00822e-01     3.09320e+04
    2.63305e+03     1.00901e+00     9.85644e-02     3.05760e+04
    2.63315e+03     9.99207e-01     9.84456e-02     3.02790e+04
    2.63325e+03     1.00888e+00     1.00597e-01     3.05720e+04
    2.63335e+03     1.00917e+00     9.92376e-02     3.05810e+04
    2.63345e+03     9.98448e-01     9.95808e-02     3.02560e+04
    2.63355e+03     1.01102e+00     1.02656e-01     3.06370e+04
    2.63365e+03     1.00465e+00     9.93168e-02     3.04440e+04
    2.63375e+03     1.01511e+00     1.00624e-01     3.07610e+04
    2.63385e+03     1.00426e+00     1.00148e-01     3.04320e+04
    2.63395e+03     1.00891e+00     9.96996e-02     3.05730e+04
    2.63405e+03     1.00099e+00     9.93564e-02     3.03330e+04
    2.63415e+03     1.01290e+00     1.01178e-01     3.06940e+04
    2.63425e+03     9.96963e-01     9.89340e-02     3.02110e+04
    2.63435e+03     1.00403e+00     1.00993e-01     3.04250e+04
    2.63445e+03     1.00102e+00     1.00426e-01     3.03340e+04
    2.63455e+03     9.89142e-01     1.00505e-01     2.99740e+04
    2.63465e+03     1.00881e+00     1.01191e-01     3.05700e+04
    2.63475e+03     1.00396e+00     1.00320e-01     3.04230e+04
    2.63485e+03     1.01488e+00     1.00267e-01     3.07540e+04
    2.63495e+03     9.99801e-01     1.00716e-01     3.02970e+04
    2.63505e+03     1.01063e+00     1.00056e-01     3.06250e+04
    2.63515e+03     9.95445e-01     9.96072e-02     3.01650e+04
    2.63525e+03     9.93795e-01     1.00069e-01     3.01150e+04
    2.63535e+03     1.00511e+00     1.00373e-01     3.04580e+04
    2.63545e+03     1.00102e+00     9.98052e-02     3.03340e+04
    2.63555e+03     1.00007e+00     1.00610e-01     3.03050e+04
    2.63565e+03     1.00937e+00     1.02841e-01     3.05870e+04
    2.63575e+03     9.96468e-01     9.92640e-02     3.01960e+04
    2.63585e+03     1.00660e+00     1.01218e-01     3.05030e+04
    2.63595e+03     1.00020e+00     1.01072e-01     3.03090e+04
    2.63605e+03     9.98613e-01     9.83664e-02     3.02610e+04
    2.63615e+03     9.92607e-01     9.84984e-02     3.00790e+04
    2.63625e+03     9.85314e-01     9.89340e-02     2.98580e+04
    2.63635e+03     9.98118e-01     9.98448e-02     3.02460e+04
    2.63645e+03     1.00145e+00     9.92904e-02     3.03470e+04
    2.63655e+03     1.00680e+00     1.01072e-01     3.05090e+04
    2.63665e+03     1.00739e+00     1.02379e-01     3.05270e+04
    2.63675e+03     1.00818e+00     1.01033e-01     3.05510e+04
    2.63685e+03     9.91848e-01     9.78120e-02     3.00560e+04
    2.63695e+03     1.00132e+00     1.00940e-01     3.03430e+04
    2.63705e+03     9.96897e-01     9.89208e-02     3.02090e+04
    2.63715e+03     9.95577e-01     1.00082e-01     3.01690e+04
    2.63725e+03     9.85611e-01     9.91584e-02     2.98670e+04
    2.63735e+03     1.00201e+00     9.88416e-02     3.03640e+04
    2.63745e+03     9.99240e-01     9.95148e-02     3.02800e+04
    2.63755e+03     1.01036e+00     1.01574e-01     3.06170e+04
    2.63765e+03     9.97458e-01     9.79836e-02     3.02260e+04
    2.63775e+03     9.99042e-01     9.96600e-02     3.02740e+04
    2.63785e+03     1.00224e+00     1.00940e-01     3.03710e+04
    2.63795e+03     1.00657e+00     1.02128e-01     3.05020e+04
    2.63805e+03     9.99735e-01     9.99372e-02     3.02950e+04
    2.63815e+03     9.90429e-01     1.00082e-01     3.00130e+04
    2.63825e+03     9.88119e-01     9.84060e-02     2.99430e+04
    2.63835e+03     1.00548e+00     1.01468e-01     3.04690e+04
    2.63845e+03     1.00350e+00     1.00835e-01     3.04090e+04
    2.63855e+03     9.91023e-01     9.71520e-02     3.00310e+04
    2.63865e+03     1.00099e+00     1.01231e-01     3.03330e+04
    2.63875e+03     1.00280e+00     1.00571e-01     3.03880e+04
    2.63885e+03     9.90759e-01     9.91980e-02     3.00230e+04
    2.63895e+03     1.00036e+00     1.00307e-01     3.03140e+04
