    2.57305e+03     4.75332e-02     4.78104e-03     7.20200e+03
    2.57315e+03     4.75464e-02     4.99752e-03     7.20400e+03
    2.57325e+03     4.70844e-02     4.64112e-03     7.13400e+03
    2.57335e+03     4.72626e-02     4.65696e-03     7.16100e+03
    2.57345e+03     4.70514e-02     4.86024e-03     7.12900e+03
    2.57355e+03     4.76652e-02     4.67544e-03     7.22200e+03
    2.57365e+03     4.71768e-02     4.88928e-03     7.14800e+03
    2.57375e+03     4.76256e-02     4.67544e-03     7.21600e+03
    2.57385e+03     4.76652e-02     4.94472e-03     7.22200e+03
    2.57395e+03     4.71636e-02     4.74144e-03     7.14600e+03
    2.57405e+03     4.70382e-02     4.50120e-03     7.12700e+03
    2.57415e+03     4.63320e-02     4.61472e-03     7.02000e+03
    2.57425e+03     4.67214e-02     4.61736e-03     7.07900e+03
    2.57435e+03     4.68204e-02     4.66488e-03     7.09400e+03
    2.57445e+03     4.70382e-02     4.68864e-03     7.12700e+03
    2.57455e+03     4.75398e-02     4.85760e-03     7.20300e+03
    2.57465e+03     4.65234e-02     4.52760e-03     7.04900e+03
    2.57475e+03     4.68930e-02     4.55400e-03     7.10500e+03
    2.57485e+03     4.77378e-02     4.99224e-03     7.23300e+03
    2.57495e+03     4.76586e-02     4.69128e-03     7.22100e+03
    2.57505e+03     4.76718e-02     4.79160e-03     7.22300e+03
    2.57515e+03     4.74078e-02     4.65960e-03     7.18300e+03
    2.57525e+03     4.73880e-02     4.75992e-03     7.18000e+03
    2.57535e+03     4.65498e-02     4.62792e-03     7.05300e+03
    2.57545e+03     4.70712e-02     4.54344e-03     7.13200e+03
    2.57555e+03     4.62198e-02     4.62264e-03     7.00300e+03
    2.57565e+03     4.65168e-02     4.60416e-03     7.04800e+03
    2.57575e+03     4.71108e-02     4.49592e-03     7.13800e+03
    2.57585e+03     4.67280e-02     4.62792e-03     7.08000e+03
    2.57595e+03     4.78764e-02     4.91040e-03     7.25400e+03
    2.57605e+03     4.70382e-02     4.73616e-03     7.12700e+03
    2.57615e+03     4.77576e-02     4.83648e-03     7.23600e+03
    2.57625e+03     4.76652e-02     4.64376e-03     7.22200e+03
    2.57635e+03     4.68204e-02     4.70712e-03     7.09400e+03
    2.57645e+03     4.72230e-02     4.82328e-03     7.15500e+03
    2.57655e+03     4.70712e-02     4.66752e-03     7.13200e+03
    2.57665e+03     4.74408e-02     4.62528e-03     7.18800e+03
    2.57675e+03     4.69128e-02     4.86552e-03     7.10800e+03
    2.57685e+03     4.75992e-02     4.91832e-03     7.21200e+03
    2.57695e+03     4.68402e-02     4.55136e-03     7.09700e+03
    2.57705e+03     4.68534e-02     4.75200e-03     7.09900e+03
    2.57715e+03     4.64970e-02     4.61472e-03     7.04500e+03
    2.57725e+03     4.68930e-02     4.49064e-03     7.10500e+03
    2.57735e+03     4.68930e-02     4.64112e-03     7.10500e+03
    2.57745e+03     4.70514e-02     4.78104e-03     7.12900e+03
    2.57755e+03     4.74804e-02     4.75200e-03     7.19400e+03
    2.57765e+03     4.67808e-02     4.63056e-03     7.08800e+03
    2.57775e+03     4.68402e-02     4.72560e-03     7.09700e+03
    2.57785e+03     4.72362e-02     4.71504e-03     7.15700e+03
    2.57795e+03     4.73748e-02     4.84704e-03     7.17800e+03
    2.57805e+03     4.65300e-02     4.59624e-03     7.05000e+03
    2.57815e+03     4.62066e-02     4.59624e-03     7.00100e+03
    2.57825e+03     4.68468e-02     4.67280e-03     7.09800e+03
    2.57835e+03     4.68864e-02     4.56456e-03     7.10400e+03
    2.57845e+03     4.65366e-02     4.80216e-03     7.05100e+03
    2.57855e+03     4.72164e-02     4.71768e-03     7.15400e+03
    2.57865e+03     4.74408e-02     4.79952e-03     7.18800e+03
    2.57875e+03     4.62924e-02     4.62000e-03     7.01400e+03
    2.57885e+03     4.74342e-02     4.86288e-03     7.18700e+03
    2.57895e+03     4.71966e-02     4.70184e-03     7.15100e+03
    2.57905e+03     4.67478e-02     4.56984e-03     7.08300e+03
    2.57915e+03     4.70118e-02     4.65696e-03     7.12300e+03
    2.57925e+03     4.68006e-02     4.60680e-03     7.09100e+03
    2.57935e+03     4.64706e-02     4.49064e-03     7.04100e+03
    2.57945e+03     4.71240e-02     4.69920e-03     7.14000e+03
    2.57955e+03     4.67346e-02     4.71240e-03     7.08100e+03
    2.57965e+03     4.69920e-02     4.66752e-03     7.12000e+03
    2.57975e+03     4.67280e-02     4.51176e-03     7.08000e+03
    2.57985e+03     4.66422e-02     4.58832e-03     7.06700e+03
    2.57995e+03     4.69194e-02     4.72296e-03     7.10900e+03
    2.58005e+03     4.64970e-02     4.77840e-03     7.04500e+03
    2.58015e+03     4.62198e-02     4.54872e-03     7.00300e+03
    2.58025e+03     4.62396e-02     4.67808e-03     7.00600e+03
    2.58035e+03     4.68864e-02     4.58304e-03     7.10400e+03
    2.58045e+03     4.63650e-02     4.53288e-03     7.02500e+03
    2.58055e+03     4.63056e-02     4.64640e-03     7.01600e+03
    2.58065e+03     4.63518e-02     4.57248e-03     7.02300e+03
    2.58075e+03     4.68732e-02     4.62264e-03     7.10200e+03
    2.58085e+03     4.74012e-02     4.77048e-03     7.18200e+03
    2.58095e+03     4.60350e-02     4.69920e-03     6.97500e+03
    2.58105e+03     4.65828e-02     4.57248e-03     7.05800e+03
    2.58115e+03     4.66356e-02     4.75200e-03     7.06600e+03
    2.58125e+03     4.59822e-02     4.70448e-03     6.96700e+03
    2.58135e+03     4.62990e-02     4.62528e-03     7.01500e+03
    2.58145e+03     4.67610e-02     4.63056e-03     7.08500e+03
    2.58155e+03     4.53354e-02     4.54608e-03     6.86900e+03
    2.58165e+03     4.64508e-02     4.40088e-03     7.03800e+03
    2.58175e+03     4.66752e-02     4.69392e-03     7.07200e+03
    2.58185e+03     4.64178e-02     4.60944e-03     7.03300e+03
    2.58195e+03     4.57446e-02     4.48536e-03     6.93100e+03
    2.58205e+03     4.63188e-02     4.68600e-03     7.01800e+03
    2.58215e+03     4.62594e-02     4.72824e-03     7.00900e+03
    2.58225e+03     4.59030e-02     4.64640e-03     6.95500e+03
    2.58235e+03     4.56588e-02     4.45368e-03     6.91800e+03
    2.58245e+03     4.60218e-02     4.60152e-03     6.97300e+03
    2.58255e+03     4.52892e-02     4.44840e-03     6.86200e+03
    2.58265e+03     4.65960e-02     4.41408e-03     7.06000e+03
    2.58275e+03     4.52232e-02     4.53552e-03     6.85200e+03
    2.58285e+03     4.51044e-02     4.60680e-03     6.83400e+03
    2.58295e+03     4.54608e-02     4.51176e-03     6.88800e+03
    2.58305e+03     4.52958e-02     4.58832e-03     6.86300e+03
    2.58315e+03     4.63056e-02     4.53816e-03     7.01600e+03
    2.58325e+03     4.49724e-02     4.49328e-03     6.81400e+03
    2.58335e+03     4.58370e-02     4.59360e-03     6.94500e+03
    2.58345e+03     4.44510e-02     4.53288e-03     6.73500e+03
    2.58355e+03     4.52496e-02     4.68072e-03     6.85600e+03
    2.58365e+03     4.51506e-02     4.61472e-03     6.84100e+03
    2.58375e+03     4.40616e-02     4.43784e-03     6.67600e+03
    2.58385e+03     4.45896e-02     4.42464e-03     6.75600e+03
    2.58395e+03     4.48470e-02     4.38504e-03     6.79500e+03
    2.58405e+03     4.35138e-02     4.17912e-03     6.59300e+03
    2.58415e+03     4.31376e-02     4.12104e-03     6.53600e+03
    2.58425e+03     4.31574e-02     4.24776e-03     6.53900e+03
    2.58435e+03     4.19034e-02     4.19760e-03     6.34900e+03
    2.58445e+03     4.21344e-02     4.10784e-03     6.38400e+03
    2.58455e+03     4.21080e-02     3.93096e-03     6.38000e+03
    2.58465e+03     4.14216e-02     4.26096e-03     6.27600e+03
    2.58475e+03     4.11312e-02     4.07880e-03     6.23200e+03
    2.58485e+03     3.99432e-02     3.86496e-03     6.05200e+03
    2.58495e+03     3.92502e-02     3.91776e-03     5.94700e+03
    2.58505e+03     3.93492e-02     3.86496e-03     5.96200e+03
    2.58515e+03     3.77982e-02     3.84912e-03     5.72700e+03
    2.58525e+03     3.65838e-02     3.57456e-03     5.54300e+03
    2.58535e+03     3.58116e-02     3.66168e-03     5.42600e+03
    2.58545e+03     3.29736e-02     3.11520e-03     4.99600e+03
    2.58555e+03     3.15480e-02     2.86440e-03     4.78000e+03
    2.58565e+03     2.92644e-02     2.97000e-03     4.43400e+03
    2.58575e+03     2.63076e-02     2.47104e-03     3.98600e+03
    2.58585e+03     2.14632e-02     1.94304e-03     3.25200e+03
    2.58595e+03     1.53714e-02     1.28568e-03     2.32900e+03
    2.58605e+03     1.04214e-02     7.86720e-04     1.57900e+03
    2.58615e+03     6.43500e-03     3.35280e-04     9.75000e+02
    2.58625e+03     4.63320e-03     1.98000e-04     7.02000e+02
    2.58635e+03     3.92040e-03     6.07200e-05     5.94000e+02
    2.58645e+03     2.58720e-03     1.84800e-05     3.92000e+02
    2.58655e+03     2.56080e-03     7.92000e-06     3.88000e+02
    2.58665e+03     2.54760e-03     0.00000e+00     3.86000e+02
    2.58675e+03     2.56740e-03     5.28000e-06     3.89000e+02
    2.58685e+03     2.44200e-03     1.32000e-05     3.70000e+02
    2.58695e+03     2.93700e-03     9.50400e-05     4.45000e+02
    2.58705e+03     6.87060e-03     4.75200e-04     1.04100e+03
    2.58715e+03     1.45596e-02     1.24872e-03     2.20600e+03
    2.58725e+03     2.53176e-02     2.32584e-03     3.83600e+03
    2.58735e+03     3.56334e-02     3.35808e-03     5.39900e+03
    2.58745e+03     4.03260e-02     3.78048e-03     6.11000e+03
    2.58755e+03     4.33620e-02     4.20288e-03     6.57000e+03
    2.58765e+03     4.47546e-02     4.28208e-03     6.78100e+03
    2.58775e+03     4.54278e-02     4.49856e-03     6.88300e+03
    2.58785e+03     4.55598e-02     4.67808e-03     6.90300e+03
    2.58795e+03     4.53288e-02     4.55400e-03     6.86800e+03
    2.58805e+03     4.49790e-02     4.30848e-03     6.81500e+03
    2.58815e+03     4.63782e-02     4.60944e-03     7.02700e+03
    2.58825e+03     4.60416e-02     4.64112e-03     6.97600e+03
    2.58835e+03     4.60416e-02     4.41672e-03     6.97600e+03
    2.58845e+03     4.63386e-02     4.45104e-03     7.02100e+03
    2.58855e+03     4.64838e-02     4.77312e-03     7.04300e+03
    2.58865e+03     4.68402e-02     4.66224e-03     7.09700e+03
    2.58875e+03     4.73088e-02     4.70448e-03     7.16800e+03
    2.58885e+03     4.70316e-02     4.60152e-03     7.12600e+03
    2.58895e+03     4.72362e-02     4.62528e-03     7.15700e+03
    2.58905e+03     4.84440e-02     4.91304e-03     7.34000e+03
    2.58915e+03     4.77906e-02     4.67544e-03     7.24100e+03
    2.58925e+03     4.71504e-02     4.64376e-03     7.14400e+03
    2.58935e+03     4.73418e-02     4.56720e-03     7.17300e+03
    2.58945e+03     4.73022e-02     4.65168e-03     7.16700e+03
    2.58955e+03     4.69590e-02     4.66488e-03     7.11500e+03
    2.58965e+03     4.64178e-02     4.72032e-03     7.03300e+03
    2.58975e+03     4.72098e-02     4.84968e-03     7.15300e+03
    2.58985e+03     4.71504e-02     4.77312e-03     7.14400e+03
    2.58995e+03     4.59624e-02     4.60680e-03     6.96400e+03
    2.59005e+03     4.66092e-02     4.51968e-03     7.06200e+03
    2.59015e+03     4.74012e-02     4.73616e-03     7.18200e+03
    2.59025e+03     4.69260e-02     4.72032e-03     7.11000e+03
    2.59035e+03     4.65762e-02     4.83648e-03     7.05700e+03
    2.59045e+03     4.76586e-02     4.71768e-03     7.22100e+03
    2.59055e+03     4.79028e-02     4.85760e-03     7.25800e+03
    2.59065e+03     4.72956e-02     4.68072e-03     7.16600e+03
    2.59075e+03     4.68402e-02     4.61472e-03     7.09700e+03
    2.59085e+03     4.63782e-02     4.53288e-03     7.02700e+03
    2.59095e+03     4.78896e-02     4.75728e-03     7.25600e+03
    2.59105e+03     4.69392e-02     4.77048e-03     7.11200e+03
    2.59115e+03     4.68732e-02     4.73616e-03     7.10200e+03
    2.59125e+03     4.78368e-02     4.72032e-03     7.24800e+03
    2.59135e+03     4.68468e-02     4.47744e-03     7.09800e+03
    2.59145e+03     4.60086e-02     4.61736e-03     6.97100e+03
    2.59155e+03     4.67016e-02     4.71240e-03     7.07600e+03
    2.59165e+03     4.61076e-02     4.67808e-03     6.98600e+03
    2.59175e+03     4.59426e-02     4.64376e-03     6.96100e+03
    2.59185e+03     4.62462e-02     4.60152e-03     7.00700e+03
    2.59195e+03     4.63584e-02     4.57512e-03     7.02400e+03
    2.59205e+03     4.58766e-02     4.49592e-03     6.95100e+03
    2.59215e+03     4.57116e-02     4.64112e-03     6.92600e+03
    2.59225e+03     4.66884e-02     4.75464e-03     7.07400e+03
    2.59235e+03     4.63518e-02     4.74672e-03     7.02300e+03
    2.59245e+03     4.51374e-02     4.64376e-03     6.83900e+03
    2.59255e+03     4.57974e-02     4.74408e-03     6.93900e+03
    2.59265e+03     4.64442e-02     4.54344e-03     7.03700e+03
    2.59275e+03     4.58568e-02     4.55136e-03     6.94800e+03
    2.59285e+03     4.52826e-02     4.60944e-03     6.86100e+03
    2.59295e+03     4.52892e-02     4.47216e-03     6.86200e+03
    2.59305e+03     4.60218e-02     4.76520e-03     6.97300e+03
    2.59315e+03     4.59822e-02     4.73352e-03     6.96700e+03
    2.59325e+03     4.47150e-02     4.36920e-03     6.77500e+03
    2.59335e+03     4.52298e-02     4.37184e-03     6.85300e+03
    2.59345e+03     4.56324e-02     4.48536e-03     6.91400e+03
    2.59355e+03     4.54542e-02     4.57776e-03     6.88700e+03
    2.59365e+03     4.45632e-02     4.45632e-03     6.75200e+03
    2.59375e+03     4.60812e-02     4.55928e-03     6.98200e+03
    2.59385e+03     4.43784e-02     4.44048e-03     6.72400e+03
    2.59395e+03     4.74210e-02     4.73352e-03     7.18500e+03
    2.59405e+03     4.45500e-02     4.50648e-03     6.75000e+03
    2.59415e+03     4.44972e-02     4.40616e-03     6.74200e+03
    2.59425e+03     4.48932e-02     4.35072e-03     6.80200e+03
    2.59435e+03     4.44708e-02     4.30584e-03     6.73800e+03
    2.59445e+03     4.42398e-02     4.31904e-03     6.70300e+03
    2.59455e+03     4.46160e-02     4.49064e-03     6.76000e+03
    2.59465e+03     4.55664e-02     4.41936e-03     6.90400e+03
    2.59475e+03     4.53156e-02     4.55400e-03     6.86600e+03
    2.59485e+03     4.48932e-02     4.57512e-03     6.80200e+03
    2.59495e+03     4.49790e-02     4.52496e-03     6.81500e+03
    2.59505e+03     4.42134e-02     4.40616e-03     6.69900e+03
    2.59515e+03     4.35402e-02     4.25832e-03     6.59700e+03
    2.59525e+03     4.41474e-02     4.40352e-03     6.68900e+03
    2.59535e+03     4.37976e-02     4.44840e-03     6.63600e+03
    2.59545e+03     4.37118e-02     4.37712e-03     6.62300e+03
    2.59555e+03     4.29924e-02     4.23720e-03     6.51400e+03
    2.59565e+03     4.44444e-02     4.49064e-03     6.73400e+03
    2.59575e+03     4.41408e-02     4.29528e-03     6.68800e+03
    2.59585e+03     4.27746e-02     4.03656e-03     6.48100e+03
    2.59595e+03     4.37316e-02     4.40088e-03     6.62600e+03
    2.59605e+03     4.33092e-02     4.09728e-03     6.56200e+03
    2.59615e+03     4.23390e-02     4.00224e-03     6.41500e+03
    2.59625e+03     4.26888e-02     3.99960e-03     6.46800e+03
    2.59635e+03     4.19694e-02     3.94680e-03     6.35900e+03
    2.59645e+03     4.25172e-02     3.95736e-03     6.44200e+03
    2.59655e+03     4.18044e-02     4.04448e-03     6.33400e+03
    2.59665e+03     4.25502e-02     4.12368e-03     6.44700e+03
    2.59675e+03     4.09728e-02     3.89664e-03     6.20800e+03
    2.59685e+03     4.17516e-02     3.92568e-03     6.32600e+03
    2.59695e+03     4.04844e-02     3.98112e-03     6.13400e+03
    2.59705e+03     4.01808e-02     3.93096e-03     6.08800e+03
    2.59715e+03     4.01082e-02     3.90192e-03     6.07700e+03
    2.59725e+03     3.97518e-02     3.65376e-03     6.02300e+03
    2.59735e+03     3.96198e-02     3.77784e-03     6.00300e+03
    2.59745e+03     3.82536e-02     3.64320e-03     5.79600e+03
    2.59755e+03     3.80820e-02     3.52704e-03     5.77000e+03
    2.59765e+03     3.79302e-02     3.45576e-03     5.74700e+03
    2.59775e+03     3.69996e-02     3.36072e-03     5.60600e+03
    2.59785e+03     3.61086e-02     3.11784e-03     5.47100e+03
    2.59795e+03     3.59766e-02     3.21816e-03     5.45100e+03
    2.59805e+03     3.40296e-02     3.13632e-03     5.15600e+03
    2.59815e+03     3.24126e-02     2.85384e-03     4.91100e+03
    2.59825e+03     3.30330e-02     2.80896e-03     5.00500e+03
    2.59835e+03     3.11916e-02     2.66376e-03     4.72600e+03
    2.59845e+03     3.05844e-02     2.63208e-03     4.63400e+03
    2.59855e+03     2.80236e-02     2.28888e-03     4.24600e+03
    2.59865e+03     2.77662e-02     2.14368e-03     4.20700e+03
    2.59875e+03     2.57136e-02     1.88496e-03     3.89600e+03
    2.59885e+03     2.34300e-02     1.53912e-03     3.55000e+03
    2.59895e+03     2.09484e-02     1.23552e-03     3.17400e+03
    2.59905e+03     1.93710e-02     1.04016e-03     2.93500e+03
    2.59915e+03     1.70742e-02     7.18080e-04     2.58700e+03
    2.59925e+03     1.52922e-02     4.64640e-04     2.31700e+03
    2.59935e+03     1.38798e-02     2.05920e-04     2.10300e+03
    2.59945e+03     1.30350e-02     6.86400e-05     1.97500e+03
    2.59955e+03     1.28964e-02     1.05600e-05     1.95400e+03
    2.59965e+03     1.25664e-02     0.00000e+00     1.90400e+03
    2.59975e+03     1.36554e-02     0.00000e+00     2.06900e+03
    2.59985e+03     1.31142e-02     0.00000e+00     1.98700e+03
    2.59995e+03     1.33848e-02     0.00000e+00     2.02800e+03
    2.60005e+03     1.35168e-02     0.00000e+00     2.04800e+03
    2.60015e+03     1.28832e-02     0.00000e+00     1.95200e+03
    2.60025e+03     1.27314e-02     0.00000e+00     1.92900e+03
    2.60035e+03     1.24872e-02     0.00000e+00     1.89200e+03
    2.60045e+03     1.20384e-02     0.00000e+00     1.82400e+03
    2.60055e+03     1.15896e-02     2.64000e-06     1.75600e+03
    2.60065e+03     1.27248e-02     4.75200e-05     1.92800e+03
    2.60075e+03     1.55496e-02     3.66960e-04     2.35600e+03
    2.60085e+03     2.49018e-02     1.20120e-03     3.77300e+03
    2.60095e+03     3.54354e-02     2.28624e-03     5.36900e+03
    2.60105e+03     4.07550e-02     2.97000e-03     6.17500e+03
    2.60115e+03     4.55532e-02     3.69600e-03     6.90200e+03
    2.60125e+03     4.56984e-02     3.55080e-03     6.92400e+03
    2.60135e+03     4.76520e-02     4.04448e-03     7.22000e+03
    2.60145e+03     4.75530e-02     4.05504e-03     7.20500e+03
    2.60155e+03     4.77510e-02     4.11576e-03     7.23500e+03
    2.60165e+03     4.80810e-02     4.23720e-03     7.28500e+03
    2.60175e+03     4.82526e-02     4.27152e-03     7.31100e+03
    2.60185e+03     4.73154e-02     4.30584e-03     7.16900e+03
    2.60195e+03     4.82592e-02     4.45368e-03     7.31200e+03
    2.60205e+03     4.79490e-02     4.36392e-03     7.26500e+03
    2.60215e+03     4.84770e-02     4.50384e-03     7.34500e+03
    2.60225e+03     4.85232e-02     4.66752e-03     7.35200e+03
    2.60235e+03     4.74210e-02     4.56984e-03     7.18500e+03
    2.60245e+03     4.78698e-02     4.60416e-03     7.25300e+03
    2.60255e+03     4.88400e-02     4.64640e-03     7.40000e+03
    2.60265e+03     4.85562e-02     4.51968e-03     7.35700e+03
    2.60275e+03     4.82724e-02     4.67280e-03     7.31400e+03
    2.60285e+03     4.68468e-02     4.38504e-03     7.09800e+03
    2.60295e+03     4.68402e-02     4.51704e-03     7.09700e+03
    2.60305e+03     4.80348e-02     4.57512e-03     7.27800e+03
    2.60315e+03     4.67874e-02     4.48536e-03     7.08900e+03
    2.60325e+03     4.82988e-02     4.82328e-03     7.31800e+03
    2.60335e+03     4.74540e-02     4.59360e-03     7.19000e+03
    2.60345e+03     4.77642e-02     4.46688e-03     7.23700e+03
    2.60355e+03     4.75134e-02     4.55664e-03     7.19900e+03
    2.60365e+03     4.84836e-02     4.85496e-03     7.34600e+03
    2.60375e+03     4.66488e-02     4.55928e-03     7.06800e+03
    2.60385e+03     4.68336e-02     4.53552e-03     7.09600e+03
    2.60395e+03     4.76520e-02     4.61472e-03     7.22000e+03
    2.60405e+03     4.78764e-02     4.68336e-03     7.25400e+03
    2.60415e+03     4.76982e-02     4.66488e-03     7.22700e+03
    2.60425e+03     4.79358e-02     4.62792e-03     7.26300e+03
    2.60435e+03     4.69326e-02     4.67016e-03     7.11100e+03
    2.60445e+03     4.73352e-02     4.58568e-03     7.17200e+03
    2.60455e+03     4.64508e-02     4.58040e-03     7.03800e+03
    2.60465e+03     4.60152e-02     4.52496e-03     6.97200e+03
    2.60475e+03     4.71438e-02     4.70184e-03     7.14300e+03
    2.60485e+03     4.70118e-02     4.62000e-03     7.12300e+03
    2.60495e+03     4.66554e-02     4.70712e-03     7.06900e+03
    2.60505e+03     4.66422e-02     4.60680e-03     7.06700e+03
    2.60515e+03     4.66290e-02     4.56192e-03     7.06500e+03
    2.60525e+03     4.63716e-02     4.58568e-03     7.02600e+03
    2.60535e+03     4.72428e-02     4.54344e-03     7.15800e+03
    2.60545e+03     4.78764e-02     4.71768e-03     7.25400e+03
    2.60555e+03     4.64574e-02     4.55664e-03     7.03900e+03
    2.60565e+03     4.74672e-02     4.60416e-03     7.19200e+03
    2.60575e+03     4.78170e-02     4.86816e-03     7.24500e+03
    2.60585e+03     4.79490e-02     4.77576e-03     7.26500e+03
    2.60595e+03     4.56588e-02     4.54608e-03     6.91800e+03
    2.60605e+03     4.70910e-02     4.91832e-03     7.13500e+03
    2.60615e+03     4.68468e-02     4.64376e-03     7.09800e+03
    2.60625e+03     4.61142e-02     4.60944e-03     6.98700e+03
    2.60635e+03     4.68468e-02     4.68864e-03     7.09800e+03
    2.60645e+03     4.81536e-02     4.69656e-03     7.29600e+03
    2.60655e+03     4.73682e-02     4.67280e-03     7.17700e+03
    2.60665e+03     4.75728e-02     4.75992e-03     7.20800e+03
    2.60675e+03     4.69590e-02     4.62000e-03     7.11500e+03
    2.60685e+03     4.72428e-02     4.52232e-03     7.15800e+03
    2.60695e+03     4.63452e-02     4.50648e-03     7.02200e+03
    2.60705e+03     4.78566e-02     4.69656e-03     7.25100e+03
    2.60715e+03     4.77048e-02     4.92096e-03     7.22800e+03
    2.60725e+03     4.77180e-02     4.84704e-03     7.23000e+03
    2.60735e+03     4.72560e-02     4.87872e-03     7.16000e+03
    2.60745e+03     4.81470e-02     4.81008e-03     7.29500e+03
    2.60755e+03     4.68798e-02     4.41672e-03     7.10300e+03
    2.60765e+03     4.74804e-02     4.75728e-03     7.19400e+03
    2.60775e+03     4.65828e-02     4.64376e-03     7.05800e+03
    2.60785e+03     4.70052e-02     4.62000e-03     7.12200e+03
    2.60795e+03     4.67874e-02     4.63320e-03     7.08900e+03
    2.60805e+03     4.81470e-02     4.77048e-03     7.29500e+03
    2.60815e+03     4.76190e-02     4.65168e-03     7.21500e+03
    2.60825e+03     4.77906e-02     5.02920e-03     7.24100e+03
    2.60835e+03     4.66356e-02     4.56984e-03     7.06600e+03
    2.60845e+03     4.66686e-02     4.79160e-03     7.07100e+03
    2.60855e+03     4.76784e-02     4.73880e-03     7.22400e+03
    2.60865e+03     4.75464e-02     4.88136e-03     7.20400e+03
    2.60875e+03     4.70382e-02     4.59624e-03     7.12700e+03
    2.60885e+03     4.74870e-02     4.58304e-03     7.19500e+03
    2.60895e+03     4.78434e-02     4.68336e-03     7.24900e+03
    2.60905e+03     4.67280e-02     4.45368e-03     7.08000e+03
    2.60915e+03     4.70514e-02     4.64376e-03     7.12900e+03
    2.60925e+03     4.86486e-02     4.86552e-03     7.37100e+03
    2.60935e+03     4.65762e-02     4.79160e-03     7.05700e+03
    2.60945e+03     4.70712e-02     4.59096e-03     7.13200e+03
    2.60955e+03     4.70052e-02     4.72560e-03     7.12200e+03
    2.60965e+03     4.67676e-02     4.64904e-03     7.08600e+03
    2.60975e+03     4.77444e-02     4.79688e-03     7.23400e+03
    2.60985e+03     4.82526e-02     4.86024e-03     7.31100e+03
    2.60995e+03     4.75332e-02     4.75464e-03     7.20200e+03
    2.61005e+03     4.71372e-02     4.78632e-03     7.14200e+03
    2.61015e+03     4.81602e-02     4.72560e-03     7.29700e+03
    2.61025e+03     4.68336e-02     4.74936e-03     7.09600e+03
    2.61035e+03     4.87608e-02     4.79952e-03     7.38800e+03
    2.61045e+03     4.78302e-02     4.80744e-03     7.24700e+03
    2.61055e+03     4.82394e-02     4.82328e-03     7.30900e+03
    2.61065e+03     4.75926e-02     4.54080e-03     7.21100e+03
    2.61075e+03     4.77114e-02     4.91040e-03     7.22900e+03
    2.61085e+03     4.77774e-02     4.73616e-03     7.23900e+03
    2.61095e+03     4.85496e-02     4.60416e-03     7.35600e+03
    2.61105e+03     4.87278e-02     4.79952e-03     7.38300e+03
    2.61115e+03     4.88268e-02     4.78896e-03     7.39800e+03
    2.61125e+03     4.83516e-02     4.73088e-03     7.32600e+03
    2.61135e+03     4.89984e-02     4.71240e-03     7.42400e+03
    2.61145e+03     4.80744e-02     4.60944e-03     7.28400e+03
    2.61155e+03     4.97838e-02     4.77312e-03     7.54300e+03
    2.61165e+03     4.91964e-02     4.64112e-03     7.45400e+03
    2.61175e+03     4.96320e-02     4.60680e-03     7.52000e+03
    2.61185e+03     4.95066e-02     4.66488e-03     7.50100e+03
    2.61195e+03     5.12952e-02     4.89456e-03     7.77200e+03
    2.61205e+03     5.33412e-02     4.68072e-03     8.08200e+03
    2.61215e+03     5.60538e-02     4.82592e-03     8.49300e+03
    2.61225e+03     5.93208e-02     4.78632e-03     8.98800e+03
    2.61235e+03     6.26406e-02     4.87344e-03     9.49100e+03
    2.61245e+03     6.63960e-02     4.59624e-03     1.00600e+04
    2.61255e+03     7.06002e-02     4.72824e-03     1.06970e+04
    2.61265e+03     7.21644e-02     4.69392e-03     1.09340e+04
    2.61275e+03     6.98676e-02     4.70448e-03     1.05860e+04
    2.61285e+03     6.59208e-02     4.66752e-03     9.98800e+03
    2.61295e+03     6.10302e-02     4.73088e-03     9.24700e+03
    2.61305e+03     5.59020e-02     4.89984e-03     8.47000e+03
    2.61315e+03     5.34402e-02     4.82064e-03     8.09700e+03
    2.61325e+03     5.13546e-02     4.83912e-03     7.78100e+03
    2.61335e+03     5.03118e-02     4.83384e-03     7.62300e+03
    2.61345e+03     4.91700e-02     4.73616e-03     7.45000e+03
    2.61355e+03     4.93218e-02     4.68072e-03     7.47300e+03
    2.61365e+03     4.92096e-02     5.05296e-03     7.45600e+03
    2.61375e+03     4.84572e-02     4.78104e-03     7.34200e+03
    2.61385e+03     4.75926e-02     4.62000e-03     7.21100e+03
    2.61395e+03     4.79952e-02     4.92888e-03     7.27200e+03
    2.61405e+03     4.71174e-02     4.55928e-03     7.13900e+03
    2.61415e+03     4.71042e-02     4.63056e-03     7.13700e+03
    2.61425e+03     4.72164e-02     4.47744e-03     7.15400e+03
    2.61435e+03     4.74078e-02     4.54080e-03     7.18300e+03
    2.61445e+03     4.72626e-02     4.76256e-03     7.16100e+03
    2.61455e+03     4.68336e-02     4.65432e-03     7.09600e+03
    2.61465e+03     4.77642e-02     4.88400e-03     7.23700e+03
    2.61475e+03     4.78896e-02     4.57248e-03     7.25600e+03
    2.61485e+03     4.77048e-02     4.78368e-03     7.22800e+03
    2.61495e+03     4.80018e-02     4.50120e-03     7.27300e+03
    2.61505e+03     4.78698e-02     4.80480e-03     7.25300e+03
    2.61515e+03     4.74804e-02     4.60680e-03     7.19400e+03
    2.61525e+03     4.73220e-02     4.66224e-03     7.17000e+03
    2.61535e+03     4.70646e-02     4.58040e-03     7.13100e+03
    2.61545e+03     4.79556e-02     4.84440e-03     7.26600e+03
    2.61555e+03     4.73286e-02     4.83120e-03     7.17100e+03
    2.61565e+03     4.73682e-02     4.84968e-03     7.17700e+03
    2.61575e+03     4.82658e-02     4.86288e-03     7.31300e+03
    2.61585e+03     4.70382e-02     4.64112e-03     7.12700e+03
    2.61595e+03     4.70712e-02     4.63584e-03     7.13200e+03
    2.61605e+03     4.63980e-02     4.53024e-03     7.03000e+03
    2.61615e+03     4.75332e-02     4.69920e-03     7.20200e+03
    2.61625e+03     4.67610e-02     4.82592e-03     7.08500e+03
    2.61635e+03     4.70580e-02     4.65960e-03     7.13000e+03
    2.61645e+03     4.75266e-02     4.72032e-03     7.20100e+03
    2.61655e+03     4.75794e-02     4.78368e-03     7.20900e+03
    2.61665e+03     4.69194e-02     4.69128e-03     7.10900e+03
    2.61675e+03     4.62990e-02     4.53288e-03     7.01500e+03
    2.61685e+03     4.71834e-02     4.59888e-03     7.14900e+03
    2.61695e+03     4.72494e-02     4.89984e-03     7.15900e+03
    2.61705e+03     4.74936e-02     4.81536e-03     7.19600e+03
    2.61715e+03     4.78170e-02     4.83912e-03     7.24500e+03
    2.61725e+03     4.66092e-02     4.87872e-03     7.06200e+03
    2.61735e+03     4.77642e-02     4.85496e-03     7.23700e+03
    2.61745e+03     4.66752e-02     4.67016e-03     7.07200e+03
    2.61755e+03     4.78368e-02     4.74408e-03     7.24800e+03
    2.61765e+03     4.77378e-02     4.84176e-03     7.23300e+03
    2.61775e+03     4.68072e-02     4.80744e-03     7.09200e+03
    2.61785e+03     4.62858e-02     4.60680e-03     7.01300e+03
    2.61795e+03     4.67808e-02     4.62528e-03     7.08800e+03
    2.61805e+03     4.73022e-02     4.84440e-03     7.16700e+03
    2.61815e+03     4.69458e-02     4.56984e-03     7.11300e+03
    2.61825e+03     4.69656e-02     4.69920e-03     7.11600e+03
    2.61835e+03     4.76982e-02     4.59624e-03     7.22700e+03
    2.61845e+03     4.74276e-02     4.78896e-03     7.18600e+03
    2.61855e+03     4.66158e-02     4.72032e-03     7.06300e+03
    2.61865e+03     4.71240e-02     4.51968e-03     7.14000e+03
    2.61875e+03     4.89588e-02     4.93944e-03     7.41800e+03
    2.61885e+03     4.72494e-02     4.69656e-03     7.15900e+03
    2.61895e+03     4.61604e-02     4.59624e-03     6.99400e+03
    2.61905e+03     4.74870e-02     4.84440e-03     7.19500e+03
    2.61915e+03     4.78104e-02     4.74672e-03     7.24400e+03
    2.61925e+03     4.71768e-02     4.81008e-03     7.14800e+03
    2.61935e+03     4.67280e-02     4.58832e-03     7.08000e+03
    2.61945e+03     4.71306e-02     4.60680e-03     7.14100e+03
    2.61955e+03     4.74738e-02     4.83384e-03     7.19300e+03
    2.61965e+03     4.69326e-02     4.69656e-03     7.11100e+03
    2.61975e+03     4.65498e-02     4.55664e-03     7.05300e+03
    2.61985e+03     4.74540e-02     4.77840e-03     7.19000e+03
    2.61995e+03     4.71240e-02     4.80744e-03     7.14000e+03
    2.62005e+03     4.68468e-02     4.59624e-03     7.09800e+03
    2.62015e+03     4.73418e-02     4.78632e-03     7.17300e+03
    2.62025e+03     4.78368e-02     4.75464e-03     7.24800e+03
    2.62035e+03     4.69524e-02     4.50120e-03     7.11400e+03
    2.62045e+03     4.71702e-02     4.77576e-03     7.14700e+03
    2.62055e+03     4.67742e-02     4.65696e-03     7.08700e+03
    2.62065e+03     4.68930e-02     4.70712e-03     7.10500e+03
    2.62075e+03     4.84968e-02     4.74144e-03     7.34800e+03
    2.62085e+03     4.69458e-02     4.84704e-03     7.11300e+03
    2.62095e+03     4.63716e-02     4.73088e-03     7.02600e+03
    2.62105e+03     4.63518e-02     4.82064e-03     7.02300e+03
    2.62115e+03     4.72494e-02     4.72560e-03     7.15900e+03
    2.62125e+03     4.77642e-02     4.79424e-03     7.23700e+03
    2.62135e+03     4.76124e-02     4.56456e-03     7.21400e+03
    2.62145e+03     4.75068e-02     4.65432e-03     7.19800e+03
    2.62155e+03     4.69590e-02     4.74408e-03     7.11500e+03
    2.62165e+03     4.75398e-02     4.68072e-03     7.20300e+03
    2.62175e+03     4.67412e-02     4.67016e-03     7.08200e+03
    2.62185e+03     4.79688e-02     4.69656e-03     7.26800e+03
    2.62195e+03     4.76784e-02     4.81536e-03     7.22400e+03
    2.62205e+03     4.69788e-02     4.73616e-03     7.11800e+03
    2.62215e+03     4.75068e-02     4.77048e-03     7.19800e+03
    2.62225e+03     4.76718e-02     4.59624e-03     7.22300e+03
    2.62235e+03     4.72560e-02     4.66752e-03     7.16000e+03
    2.62245e+03     4.73814e-02     4.60680e-03     7.17900e+03
    2.62255e+03     4.67742e-02     4.67544e-03     7.08700e+03
    2.62265e+03     4.76850e-02     4.80744e-03     7.22500e+03
    2.62275e+03     4.75992e-02     4.63056e-03     7.21200e+03
    2.62285e+03     4.68072e-02     4.61472e-03     7.09200e+03
    2.62295e+03     4.77708e-02     4.69656e-03     7.23800e+03
    2.62305e+03     4.84836e-02     4.73088e-03     7.34600e+03
    2.62315e+03     4.79490e-02     4.92888e-03     7.26500e+03
    2.62325e+03     4.77774e-02     4.71240e-03     7.23900e+03
    2.62335e+03     4.75002e-02     4.65168e-03     7.19700e+03
    2.62345e+03     4.77312e-02     4.68864e-03     7.23200e+03
    2.62355e+03     4.67346e-02     4.64904e-03     7.08100e+03
    2.62365e+03     4.84308e-02     4.80480e-03     7.33800e+03
    2.62375e+03     4.79490e-02     4.88928e-03     7.26500e+03
    2.62385e+03     4.76124e-02     4.81008e-03     7.21400e+03
    2.62395e+03     4.74342e-02     4.77576e-03     7.18700e+03
    2.62405e+03     4.86222e-02     4.71504e-03     7.36700e+03
    2.62415e+03     4.70712e-02     4.74408e-03     7.13200e+03
    2.62425e+03     4.86420e-02     4.78104e-03     7.37000e+03
    2.62435e+03     4.72956e-02     4.56456e-03     7.16600e+03
    2.62445e+03     4.79358e-02     4.74672e-03     7.26300e+03
    2.62455e+03     4.80678e-02     4.76256e-03     7.28300e+03
    2.62465e+03     4.79688e-02     4.60416e-03     7.26800e+03
    2.62475e+03     4.84836e-02     4.86288e-03     7.34600e+03
    2.62485e+03     4.87410e-02     4.63056e-03     7.38500e+03
    2.62495e+03     4.77114e-02     4.75728e-03     7.22900e+03
    2.62505e+03     4.77114e-02     4.92096e-03     7.22900e+03
    2.62515e+03     4.82922e-02     4.75464e-03     7.31700e+03
    2.62525e+03     4.90842e-02     4.81272e-03     7.43700e+03
    2.62535e+03     4.91370e-02     4.89720e-03     7.44500e+03
    2.62545e+03     4.88004e-02     4.64376e-03     7.39400e+03
    2.62555e+03     4.90380e-02     4.63848e-03     7.43000e+03
    2.62565e+03     5.05956e-02     4.60416e-03     7.66600e+03
    2.62575e+03     5.18562e-02     4.67016e-03     7.85700e+03
    2.62585e+03     5.11962e-02     4.73616e-03     7.75700e+03
    2.62595e+03     5.39088e-02     4.75200e-03     8.16800e+03
    2.62605e+03     5.66148e-02     4.64640e-03     8.57800e+03
    2.62615e+03     6.20664e-02     4.66224e-03     9.40400e+03
    2.62625e+03     6.94452e-02     4.72032e-03     1.05220e+04
    2.62635e+03     7.68042e-02     4.90248e-03     1.16370e+04
    2.62645e+03     8.03088e-02     4.68864e-03     1.21680e+04
    2.62655e+03     7.46262e-02     4.56456e-03     1.13070e+04
    2.62665e+03     6.73926e-02     4.47744e-03     1.02110e+04
    2.62675e+03     6.06012e-02     4.49328e-03     9.18200e+03
    2.62685e+03     5.57304e-02     4.80480e-03     8.44400e+03
    2.62695e+03     5.20014e-02     4.90248e-03     7.87900e+03
    2.62705e+03     5.01270e-02     4.69128e-03     7.59500e+03
    2.62715e+03     4.90908e-02     4.62000e-03     7.43800e+03
    2.62725e+03     4.84176e-02     4.61472e-03     7.33600e+03
    2.62735e+03     4.82526e-02     4.70712e-03     7.31100e+03
    2.62745e+03     4.81008e-02     4.71768e-03     7.28800e+03
    2.62755e+03     4.79490e-02     4.62264e-03     7.26500e+03
    2.62765e+03     4.80876e-02     4.63056e-03     7.28600e+03
    2.62775e+03     4.76652e-02     4.75728e-03     7.22200e+03
    2.62785e+03     4.81074e-02     4.76784e-03     7.28900e+03
    2.62795e+03     4.78434e-02     4.82856e-03     7.24900e+03
    2.62805e+03     4.77312e-02     4.49592e-03     7.23200e+03
    2.62815e+03     4.85628e-02     4.72032e-03     7.35800e+03
    2.62825e+03     4.75530e-02     4.82856e-03     7.20500e+03
    2.62835e+03     4.70184e-02     4.75992e-03     7.12400e+03
    2.62845e+03     4.73220e-02     4.74672e-03     7.17000e+03
    2.62855e+03     4.75728e-02     4.65960e-03     7.20800e+03
    2.62865e+03     4.75266e-02     4.83120e-03     7.20100e+03
    2.62875e+03     4.72890e-02     4.65960e-03     7.16500e+03
    2.62885e+03     4.70316e-02     4.67280e-03     7.12600e+03
    2.62895e+03     4.77180e-02     4.84968e-03     7.23000e+03
    2.62905e+03     4.76190e-02     4.77312e-03     7.21500e+03
    2.62915e+03     4.79292e-02     4.66752e-03     7.26200e+03
    2.62925e+03     4.74342e-02     4.73088e-03     7.18700e+03
    2.62935e+03     4.84374e-02     4.77312e-03     7.33900e+03
    2.62945e+03     4.77114e-02     4.66752e-03     7.22900e+03
    2.62955e+03     4.71768e-02     4.70448e-03     7.14800e+03
    2.62965e+03     4.67148e-02     4.71240e-03     7.07800e+03
    2.62975e+03     4.82790e-02     4.85760e-03     7.31500e+03
    2.62985e+03     4.75926e-02     4.61736e-03     7.21100e+03
    2.62995e+03     4.78896e-02     4.69920e-03     7.25600e+03
    2.63005e+03     4.80678e-02     4.76520e-03     7.28300e+03
    2.63015e+03     4.76124e-02     4.63584e-03     7.21400e+03
    2.63025e+03     4.82130e-02     4.85496e-03     7.30500e+03
    2.63035e+03     4.74936e-02     4.64640e-03     7.19600e+03
    2.63045e+03     4.81140e-02     4.90512e-03     7.29000e+03
    2.63055e+03     4.81536e-02     4.80216e-03     7.29600e+03
    2.63065e+03     4.93746e-02     4.96056e-03     7.48100e+03
    2.63075e+03     4.71702e-02     4.68864e-03     7.14700e+03
    2.63085e+03     4.93944e-02     4.96584e-03     7.48400e+03
    2.63095e+03     4.83648e-02     4.51440e-03     7.32800e+03
    2.63105e+03     4.73550e-02     4.54608e-03     7.17500e+03
    2.63115e+03     4.85562e-02     4.48008e-03     7.35700e+03
    2.63125e+03     4.91106e-02     4.86552e-03     7.44100e+03
    2.63135e+03     4.88664e-02     4.74144e-03     7.40400e+03
    2.63145e+03     4.89456e-02     4.58568e-03     7.41600e+03
    2.63155e+03     5.05296e-02     4.77048e-03     7.65600e+03
    2.63165e+03     5.17902e-02     4.65432e-03     7.84700e+03
    2.63175e+03     5.30970e-02     4.62528e-03     8.04500e+03
    2.63185e+03     5.56974e-02     4.77048e-03     8.43900e+03
    2.63195e+03     5.87070e-02     4.73352e-03     8.89500e+03
    2.63205e+03     6.06540e-02     4.73880e-03     9.19000e+03
    2.63215e+03     6.12810e-02     4.75992e-03     9.28500e+03
    2.63225e+03     5.83638e-02     4.89720e-03     8.84300e+03
    2.63235e+03     5.65620e-02     4.83384e-03     8.57000e+03
    2.63245e+03     5.22720e-02     4.80216e-03     7.92000e+03
    2.63255e+03     5.00016e-02     4.63320e-03     7.57600e+03
    2.63265e+03     4.97574e-02     4.73088e-03     7.53900e+03
    2.63275e+03     4.83516e-02     4.60152e-03     7.32600e+03
    2.63285e+03     4.84506e-02     4.72560e-03     7.34100e+03
    2.63295e+03     4.83384e-02     4.78632e-03     7.32400e+03
    2.63305e+03     4.80612e-02     4.69128e-03     7.28200e+03
    2.63315e+03     4.75134e-02     4.74408e-03     7.19900e+03
    2.63325e+03     4.75200e-02     4.70976e-03     7.20000e+03
    2.63335e+03     4.71372e-02     4.72560e-03     7.14200e+03
    2.63345e+03     4.78038e-02     4.62792e-03     7.24300e+03
    2.63355e+03     4.79820e-02     4.83120e-03     7.27000e+03
    2.63365e+03     4.81734e-02     4.91304e-03     7.29900e+03
    2.63375e+03     4.78302e-02     4.73616e-03     7.24700e+03
    2.63385e+03     4.81404e-02     4.85760e-03     7.29400e+03
    2.63395e+03     4.82856e-02     4.81536e-03     7.31600e+03
    2.63405e+03     4.72362e-02     4.80216e-03     7.15700e+03
    2.63415e+03     4.68864e-02     4.71240e-03     7.10400e+03
    2.63425e+03     4.67808e-02     4.65432e-03     7.08800e+03
    2.63435e+03     4.72560e-02     4.81536e-03     7.16000e+03
    2.63445e+03     4.66488e-02     4.59096e-03     7.06800e+03
    2.63455e+03     4.74078e-02     4.80744e-03     7.18300e+03
    2.63465e+03     4.72032e-02     4.75464e-03     7.15200e+03
    2.63475e+03     4.83384e-02     4.81536e-03     7.32400e+03
    2.63485e+03     4.84176e-02     4.93680e-03     7.33600e+03
    2.63495e+03     4.82922e-02     4.79424e-03     7.31700e+03
    2.63505e+03     4.72494e-02     4.72824e-03     7.15900e+03
    2.63515e+03     4.79886e-02     4.70448e-03     7.27100e+03
    2.63525e+03     4.85496e-02     4.82856e-03     7.35600e+03
    2.63535e+03     4.72758e-02     4.70712e-03     7.16300e+03
    2.63545e+03     4.71900e-02     4.70184e-03     7.15000e+03
    2.63555e+03     4.76850e-02     4.84968e-03     7.22500e+03
    2.63565e+03     4.78236e-02     4.91304e-03     7.24600e+03
    2.63575e+03     4.74078e-02     4.67808e-03     7.18300e+03
    2.63585e+03     4.73550e-02     4.73088e-03     7.17500e+03
    2.63595e+03     4.76784e-02     4.81272e-03     7.22400e+03
    2.63605e+03     4.64244e-02     4.57776e-03     7.03400e+03
    2.63615e+03     4.67346e-02     4.72824e-03     7.08100e+03
    2.63625e+03     4.65432e-02     4.67544e-03     7.05200e+03
    2.63635e+03     4.74672e-02     4.67544e-03     7.19200e+03
    2.63645e+03     4.65498e-02     4.54608e-03     7.05300e+03
    2.63655e+03     4.74276e-02     4.59096e-03     7.18600e+03
    2.63665e+03     4.73748e-02     4.81536e-03     7.17800e+03
    2.63675e+03     4.68534e-02     4.50912e-03     7.09900e+03
    2.63685e+03     4.78830e-02     4.72032e-03     7.25500e+03
    2.63695e+03     4.78302e-02     4.82856e-03     7.24700e+03
    2.63705e+03     4.69062e-02     4.53288e-03     7.10700e+03
    2.63715e+03     4.76784e-02     4.80744e-03     7.22400e+03
    2.63725e+03     4.60878e-02     4.51176e-03     6.98300e+03
    2.63735e+03     4.74144e-02     4.70976e-03     7.18400e+03
    2.63745e+03     4.67412e-02     4.77840e-03     7.08200e+03
    2.63755e+03     4.74672e-02     4.84704e-03     7.19200e+03
    2.63765e+03     4.69194e-02     4.73352e-03     7.10900e+03
    2.63775e+03     4.78632e-02     4.67544e-03     7.25200e+03
    2.63785e+03     4.80612e-02     4.79160e-03     7.28200e+03
    2.63795e+03     4.63848e-02     4.59624e-03     7.02800e+03
    2.63805e+03     4.76124e-02     4.93152e-03     7.21400e+03
    2.63815e+03     4.71768e-02     4.79952e-03     7.14800e+03
    2.63825e+03     4.83648e-02     4.93152e-03     7.32800e+03
    2.63835e+03     4.69656e-02     4.82592e-03     7.11600e+03
    2.63845e+03     4.65366e-02     4.57512e-03     7.05100e+03
    2.63855e+03     4.70712e-02     4.81272e-03     7.13200e+03
    2.63865e+03     4.67082e-02     4.62000e-03     7.07700e+03
    2.63875e+03     4.69590e-02     4.85760e-03     7.11500e+03
    2.63885e+03     4.75398e-02     4.73352e-03     7.20300e+03
    2.63895e+03     4.80678e-02     4.89984e-03     7.28300e+03
