    2.57305e+03     1.00620e+00     9.72048e-02     3.04910e+04
    2.57315e+03     1.00634e+00     1.01244e-01     3.04950e+04
    2.57325e+03     1.00162e+00     9.90264e-02     3.03520e+04
    2.57335e+03     1.00759e+00     9.88944e-02     3.05330e+04
    2.57345e+03     1.00208e+00     9.99768e-02     3.03660e+04
    2.57355e+03     1.00323e+00     1.00927e-01     3.04010e+04
    2.57365e+03     1.00403e+00     1.01270e-01     3.04250e+04
    2.57375e+03     1.00594e+00     9.88152e-02     3.04830e+04
    2.57385e+03     1.00231e+00     9.76272e-02     3.03730e+04
    2.57395e+03     9.94686e-01     9.88680e-02     3.01420e+04
    2.57405e+03     9.96501e-01     1.00188e-01     3.01970e+04
    2.57415e+03     9.98349e-01     9.91320e-02     3.02530e+04
    2.57425e+03     9.93894e-01     1.01930e-01     3.01180e+04
    2.57435e+03     1.00383e+00     9.90000e-02     3.04190e+04
    2.57445e+03     9.96501e-01     9.98976e-02     3.01970e+04
    2.57455e+03     1.00601e+00     9.99240e-02     3.04850e+04
    2.57465e+03     1.00082e+00     1.00478e-01     3.03280e+04
    2.57475e+03     1.00340e+00     1.00426e-01     3.04060e+04
    2.57485e+03     1.00736e+00     1.02010e-01     3.05260e+04
    2.57495e+03     1.00033e+00     9.97920e-02     3.03130e+04
    2.57505e+03     1.00716e+00     1.00320e-01     3.05200e+04
    2.57515e+03     9.91914e-01     1.01086e-01     3.00580e+04
    2.57525e+03     1.00096e+00     1.00901e-01     3.03320e+04
    2.57535e+03     1.00544e+00     1.03224e-01     3.04680e+04
    2.57545e+03     9.98712e-01     1.00003e-01     3.02640e+04
    2.57555e+03     9.93102e-01     1.00716e-01     3.00940e+04
    2.57565e+03     9.99075e-01     1.01561e-01     3.02750e+04
    2.57575e+03     1.00432e+00     1.00690e-01     3.04340e+04
    2.57585e+03     1.01178e+00     1.02775e-01     3.06600e+04
    2.57595e+03     9.99999e-01     1.00610e-01     3.03030e+04
    2.57605e+03     9.98679e-01     1.00637e-01     3.02630e+04
    2.57615e+03     1.00356e+00     1.00399e-01     3.04110e+04
    2.57625e+03     1.00096e+00     1.01112e-01     3.03320e+04
    2.57635e+03     1.00551e+00     1.01270e-01     3.04700e+04
    2.57645e+03     9.94818e-01     9.97920e-02     3.01460e+04
    2.57655e+03     9.99174e-01     9.94224e-02     3.02780e+04
    2.57665e+03     9.92937e-01     9.98184e-02     3.00890e+04
    2.57675e+03     9.95115e-01     1.01772e-01     3.01550e+04
    2.57685e+03     1.00030e+00     1.01165e-01     3.03120e+04
    2.57695e+03     1.00838e+00     1.00109e-01     3.05570e+04
    2.57705e+03     9.86898e-01     1.00162e-01     2.99060e+04
    2.57715e+03     1.00515e+00     1.01534e-01     3.04590e+04
    2.57725e+03     9.96270e-01     1.03462e-01     3.01900e+04
    2.57735e+03     9.97458e-01     1.00505e-01     3.02260e+04
    2.57745e+03     1.00172e+00     1.00531e-01     3.03550e+04
    2.57755e+03     9.92871e-01     9.80496e-02     3.00870e+04
    2.57765e+03     9.98151e-01     9.65184e-02     3.02470e+04
    2.57775e+03     1.00257e+00     1.00082e-01     3.03810e+04
    2.57785e+03     1.00178e+00     1.02089e-01     3.03570e+04
    2.57795e+03     1.00396e+00     1.00320e-01     3.04230e+04
    2.57805e+03     9.87558e-01     9.58320e-02     2.99260e+04
    2.57815e+03     9.90693e-01     9.99240e-02     3.00210e+04
    2.57825e+03     9.96171e-01     9.91320e-02     3.01870e+04
    2.57835e+03     9.85182e-01     9.97920e-02     2.98540e+04
    2.57845e+03     9.86535e-01     9.65184e-02     2.98950e+04
    2.57855e+03     9.86997e-01     9.72048e-02     2.99090e+04
    2.57865e+03     9.97128e-01     9.63864e-02     3.02160e+04
    2.57875e+03     9.90099e-01     1.02960e-01     3.00030e+04
    2.57885e+03     9.88185e-01     9.96336e-02     2.99450e+04
    2.57895e+03     9.98514e-01     9.95016e-02     3.02580e+04
    2.57905e+03     9.89208e-01     9.70200e-02     2.99760e+04
    2.57915e+03     9.95709e-01     1.01534e-01     3.01730e+04
    2.57925e+03     9.90264e-01     9.97392e-02     3.00080e+04
    2.57935e+03     9.86040e-01     9.94752e-02     2.98800e+04
    2.57945e+03     9.84225e-01     9.75744e-02     2.98250e+04
    2.57955e+03     9.93960e-01     9.81288e-02     3.01200e+04
    2.57965e+03     9.92013e-01     9.95280e-02     3.00610e+04
    2.57975e+03     9.91749e-01     9.86568e-02     3.00530e+04
    2.57985e+03     9.86931e-01     9.91056e-02     2.99070e+04
    2.57995e+03     9.87195e-01     9.88944e-02     2.99150e+04
    2.58005e+03     9.93300e-01     9.84456e-02     3.01000e+04
    2.58015e+03     9.86073e-01     1.00346e-01     2.98810e+04
    2.58025e+03     9.94587e-01     9.81288e-02     3.01390e+04
    2.58035e+03     9.85743e-01     9.98448e-02     2.98710e+04
    2.58045e+03     9.93003e-01     9.95808e-02     3.00910e+04
    2.58055e+03     9.79770e-01     9.93432e-02     2.96900e+04
    2.58065e+03     9.89538e-01     9.88680e-02     2.99860e+04
    2.58075e+03     9.97359e-01     9.97128e-02     3.02230e+04
    2.58085e+03     9.87393e-01     9.84456e-02     2.99210e+04
    2.58095e+03     9.90297e-01     1.01693e-01     3.00090e+04
    2.58105e+03     9.88185e-01     9.81288e-02     2.99450e+04
    2.58115e+03     9.86568e-01     9.88416e-02     2.98960e+04
    2.58125e+03     9.88878e-01     9.79704e-02     2.99660e+04
    2.58135e+03     9.81255e-01     9.77856e-02     2.97350e+04
    2.58145e+03     9.83136e-01     9.86304e-02     2.97920e+04
    2.58155e+03     9.79176e-01     9.72576e-02     2.96720e+04
    2.58165e+03     9.79572e-01     9.65448e-02     2.96840e+04
    2.58175e+03     9.84555e-01     1.00109e-01     2.98350e+04
    2.58185e+03     9.82146e-01     9.70728e-02     2.97620e+04
    2.58195e+03     9.84522e-01     9.88680e-02     2.98340e+04
    2.58205e+03     9.80628e-01     9.66504e-02     2.97160e+04
    2.58215e+03     9.77955e-01     9.75216e-02     2.96350e+04
    2.58225e+03     9.71949e-01     9.63600e-02     2.94530e+04
    2.58235e+03     9.72774e-01     9.68352e-02     2.94780e+04
    2.58245e+03     9.77658e-01     9.72576e-02     2.96260e+04
    2.58255e+03     9.74094e-01     9.77856e-02     2.95180e+04
    2.58265e+03     9.72807e-01     9.75480e-02     2.94790e+04
    2.58275e+03     9.76734e-01     9.56472e-02     2.95980e+04
    2.58285e+03     9.69078e-01     9.50928e-02     2.93660e+04
    2.58295e+03     9.72609e-01     9.60960e-02     2.94730e+04
    2.58305e+03     9.71751e-01     9.86304e-02     2.94470e+04
    2.58315e+03     9.62577e-01     9.60168e-02     2.91690e+04
    2.58325e+03     9.62907e-01     9.62544e-02     2.91790e+04
    2.58335e+03     9.60894e-01     9.66768e-02     2.91180e+04
    2.58345e+03     9.54195e-01     9.62280e-02     2.89150e+04
    2.58355e+03     9.54360e-01     9.56208e-02     2.89200e+04
    2.58365e+03     9.56604e-01     9.34560e-02     2.89880e+04
    2.58375e+03     9.43173e-01     9.38784e-02     2.85810e+04
    2.58385e+03     9.45516e-01     9.20304e-02     2.86520e+04
    2.58395e+03     9.34098e-01     9.39048e-02     2.83060e+04
    2.58405e+03     9.33174e-01     9.57000e-02     2.82780e+04
    2.58415e+03     9.35121e-01     9.34560e-02     2.83370e+04
    2.58425e+03     9.30732e-01     9.45384e-02     2.82040e+04
    2.58435e+03     9.25683e-01     9.26112e-02     2.80510e+04
    2.58445e+03     9.16113e-01     9.25584e-02     2.77610e+04
    2.58455e+03     9.08721e-01     8.95224e-02     2.75370e+04
    2.58465e+03     8.91924e-01     8.91264e-02     2.70280e+04
    2.58475e+03     9.02484e-01     8.78328e-02     2.73480e+04
    2.58485e+03     8.74368e-01     8.61432e-02     2.64960e+04
    2.58495e+03     8.68626e-01     8.53776e-02     2.63220e+04
    2.58505e+03     8.40048e-01     8.24472e-02     2.54560e+04
    2.58515e+03     8.27937e-01     8.16816e-02     2.50890e+04
    2.58525e+03     8.04243e-01     7.82232e-02     2.43710e+04
    2.58535e+03     7.80153e-01     7.50816e-02     2.36410e+04
    2.58545e+03     7.45635e-01     7.23624e-02     2.25950e+04
    2.58555e+03     7.05771e-01     6.62904e-02     2.13870e+04
    2.58565e+03     6.52311e-01     6.14328e-02     1.97670e+04
    2.58575e+03     5.85024e-01     5.44104e-02     1.77280e+04
    2.58585e+03     5.11434e-01     4.82328e-02     1.54980e+04
    2.58595e+03     4.27977e-01     3.73032e-02     1.29690e+04
    2.58605e+03     3.63231e-01     2.97792e-02     1.10070e+04
    2.58615e+03     3.71910e-01     3.00432e-02     1.12700e+04
    2.58625e+03     5.74959e-01     4.91568e-02     1.74230e+04
    2.58635e+03     8.94300e-01     7.91736e-02     2.71000e+04
    2.58645e+03     1.05168e+00     9.75744e-02     3.18690e+04
    2.58655e+03     1.07326e+00     9.83664e-02     3.25230e+04
    2.58665e+03     1.09065e+00     9.87888e-02     3.30500e+04
    2.58675e+03     1.08850e+00     9.83928e-02     3.29850e+04
    2.58685e+03     1.10481e+00     1.00346e-01     3.34790e+04
    2.58695e+03     1.10913e+00     9.95544e-02     3.36100e+04
    2.58705e+03     1.10289e+00     1.00188e-01     3.34210e+04
    2.58715e+03     1.09316e+00     1.00241e-01     3.31260e+04
    2.58725e+03     1.05389e+00     9.88680e-02     3.19360e+04
    2.58735e+03     1.06168e+00     9.96336e-02     3.21720e+04
    2.58745e+03     1.04739e+00     1.00742e-01     3.17390e+04
    2.58755e+03     1.04396e+00     9.86040e-02     3.16350e+04
    2.58765e+03     1.03511e+00     1.01086e-01     3.13670e+04
    2.58775e+03     1.02145e+00     1.00478e-01     3.09530e+04
    2.58785e+03     1.02419e+00     1.02538e-01     3.10360e+04
    2.58795e+03     1.02449e+00     1.01297e-01     3.10450e+04
    2.58805e+03     1.00907e+00     9.88944e-02     3.05780e+04
    2.58815e+03     1.02350e+00     1.01455e-01     3.10150e+04
    2.58825e+03     1.01577e+00     1.01006e-01     3.07810e+04
    2.58835e+03     1.01039e+00     1.00056e-01     3.06180e+04
    2.58845e+03     1.01518e+00     9.95016e-02     3.07630e+04
    2.58855e+03     1.01482e+00     1.00505e-01     3.07520e+04
    2.58865e+03     1.00310e+00     9.89736e-02     3.03970e+04
    2.58875e+03     1.00996e+00     9.89736e-02     3.06050e+04
    2.58885e+03     1.00640e+00     9.87624e-02     3.04970e+04
    2.58895e+03     1.00218e+00     9.86040e-02     3.03690e+04
    2.58905e+03     1.00832e+00     9.86568e-02     3.05550e+04
    2.58915e+03     1.00168e+00     9.89472e-02     3.03540e+04
    2.58925e+03     1.00056e+00     9.95808e-02     3.03200e+04
    2.58935e+03     1.00416e+00     1.01930e-01     3.04290e+04
    2.58945e+03     9.99174e-01     9.94488e-02     3.02780e+04
    2.58955e+03     1.00343e+00     9.98448e-02     3.04070e+04
    2.58965e+03     1.00135e+00     9.83928e-02     3.03440e+04
    2.58975e+03     9.90891e-01     9.58848e-02     3.00270e+04
    2.58985e+03     1.00119e+00     1.00901e-01     3.03390e+04
    2.58995e+03     9.94719e-01     9.80496e-02     3.01430e+04
    2.59005e+03     9.98976e-01     1.01957e-01     3.02720e+04
    2.59015e+03     1.00300e+00     9.86304e-02     3.03940e+04
    2.59025e+03     1.00317e+00     9.82080e-02     3.03990e+04
    2.59035e+03     1.00112e+00     9.79440e-02     3.03370e+04
    2.59045e+03     1.00224e+00     1.02749e-01     3.03710e+04
    2.59055e+03     9.98184e-01     9.94488e-02     3.02480e+04
    2.59065e+03     9.96930e-01     9.81024e-02     3.02100e+04
    2.59075e+03     1.00577e+00     9.72048e-02     3.04780e+04
    2.59085e+03     1.00238e+00     9.97128e-02     3.03750e+04
    2.59095e+03     9.98448e-01     9.67296e-02     3.02560e+04
    2.59105e+03     1.00914e+00     1.03092e-01     3.05800e+04
    2.59115e+03     1.00158e+00     1.01402e-01     3.03510e+04
    2.59125e+03     1.00435e+00     9.79704e-02     3.04350e+04
    2.59135e+03     1.00069e+00     9.90264e-02     3.03240e+04
    2.59145e+03     9.89043e-01     9.76272e-02     2.99710e+04
    2.59155e+03     9.90000e-01     9.88944e-02     3.00000e+04
    2.59165e+03     9.68451e-01     9.64920e-02     2.93470e+04
    2.59175e+03     9.76305e-01     9.83400e-02     2.95850e+04
    2.59185e+03     9.79869e-01     9.86040e-02     2.96930e+04
    2.59195e+03     9.75447e-01     9.54888e-02     2.95590e+04
    2.59205e+03     9.81519e-01     9.84456e-02     2.97430e+04
    2.59215e+03     9.71355e-01     9.78912e-02     2.94350e+04
    2.59225e+03     9.78747e-01     9.61224e-02     2.96590e+04
    2.59235e+03     9.74292e-01     9.87888e-02     2.95240e+04
    2.59245e+03     9.69606e-01     9.59376e-02     2.93820e+04
    2.59255e+03     9.79440e-01     9.57792e-02     2.96800e+04
    2.59265e+03     9.74853e-01     9.79704e-02     2.95410e+04
    2.59275e+03     9.69408e-01     9.60168e-02     2.93760e+04
    2.59285e+03     9.73302e-01     9.70464e-02     2.94940e+04
    2.59295e+03     9.64128e-01     9.50928e-02     2.92160e+04
    2.59305e+03     9.61983e-01     9.78912e-02     2.91510e+04
    2.59315e+03     9.65910e-01     9.60168e-02     2.92700e+04
    2.59325e+03     9.65712e-01     9.84456e-02     2.92640e+04
    2.59335e+03     9.77328e-01     9.64392e-02     2.96160e+04
    2.59345e+03     9.67065e-01     9.67296e-02     2.93050e+04
    2.59355e+03     9.66735e-01     9.44856e-02     2.92950e+04
    2.59365e+03     9.59112e-01     9.64128e-02     2.90640e+04
    2.59375e+03     9.57033e-01     9.10272e-02     2.90010e+04
    2.59385e+03     9.70893e-01     9.31128e-02     2.94210e+04
    2.59395e+03     9.51654e-01     9.25584e-02     2.88380e+04
    2.59405e+03     9.60003e-01     9.44856e-02     2.90910e+04
    2.59415e+03     9.59541e-01     9.35616e-02     2.90770e+04
    2.59425e+03     9.67461e-01     9.57264e-02     2.93170e+04
    2.59435e+03     9.57990e-01     9.56472e-02     2.90300e+04
    2.59445e+03     9.66570e-01     9.81552e-02     2.92900e+04
    2.59455e+03     9.47331e-01     9.45384e-02     2.87070e+04
    2.59465e+03     9.49641e-01     9.39576e-02     2.87770e+04
    2.59475e+03     9.53601e-01     9.90000e-02     2.88970e+04
    2.59485e+03     9.46902e-01     9.35088e-02     2.86940e+04
    2.59495e+03     9.48057e-01     9.32448e-02     2.87290e+04
    2.59505e+03     9.58749e-01     9.63864e-02     2.90530e+04
    2.59515e+03     9.52545e-01     9.63336e-02     2.88650e+04
    2.59525e+03     9.38652e-01     9.37728e-02     2.84440e+04
    2.59535e+03     9.43371e-01     9.36672e-02     2.85870e+04
    2.59545e+03     9.29643e-01     9.24792e-02     2.81710e+04
    2.59555e+03     9.33108e-01     9.08952e-02     2.82760e+04
    2.59565e+03     9.31359e-01     9.06048e-02     2.82230e+04
    2.59575e+03     9.44658e-01     9.23736e-02     2.86260e+04
    2.59585e+03     9.27267e-01     8.96808e-02     2.80990e+04
    2.59595e+03     9.24330e-01     9.01032e-02     2.80100e+04
    2.59605e+03     9.15057e-01     8.91528e-02     2.77290e+04
    2.59615e+03     9.08490e-01     8.78592e-02     2.75300e+04
    2.59625e+03     9.06807e-01     8.84400e-02     2.74790e+04
    2.59635e+03     9.09645e-01     8.80176e-02     2.75650e+04
    2.59645e+03     9.06708e-01     9.08952e-02     2.74760e+04
    2.59655e+03     8.95653e-01     8.78856e-02     2.71410e+04
    2.59665e+03     8.94729e-01     8.69352e-02     2.71130e+04
    2.59675e+03     8.96379e-01     8.78856e-02     2.71630e+04
    2.59685e+03     8.80836e-01     8.34768e-02     2.66920e+04
    2.59695e+03     8.85984e-01     8.58264e-02     2.68480e+04
    2.59705e+03     8.80275e-01     8.44536e-02     2.66750e+04
    2.59715e+03     8.74665e-01     8.37144e-02     2.65050e+04
    2.59725e+03     8.42226e-01     8.07576e-02     2.55220e+04
    2.59735e+03     8.51763e-01     7.90152e-02     2.58110e+04
    2.59745e+03     8.42160e-01     8.23944e-02     2.55200e+04
    2.59755e+03     8.38497e-01     7.89360e-02     2.54090e+04
    2.59765e+03     8.13714e-01     7.72200e-02     2.46580e+04
    2.59775e+03     8.12592e-01     7.60320e-02     2.46240e+04
    2.59785e+03     7.98039e-01     7.70088e-02     2.41830e+04
    2.59795e+03     7.75434e-01     6.97224e-02     2.34980e+04
    2.59805e+03     7.63158e-01     7.07784e-02     2.31260e+04
    2.59815e+03     7.38309e-01     6.68712e-02     2.23730e+04
    2.59825e+03     7.15671e-01     6.22512e-02     2.16870e+04
    2.59835e+03     6.90063e-01     5.97168e-02     2.09110e+04
    2.59845e+03     6.66105e-01     5.67336e-02     2.01850e+04
    2.59855e+03     6.50430e-01     5.32224e-02     1.97100e+04
    2.59865e+03     6.07266e-01     4.74936e-02     1.84020e+04
    2.59875e+03     5.70999e-01     4.41144e-02     1.73030e+04
    2.59885e+03     5.42685e-01     3.85176e-02     1.64450e+04
    2.59895e+03     4.95594e-01     3.16536e-02     1.50180e+04
    2.59905e+03     4.58304e-01     2.72976e-02     1.38880e+04
    2.59915e+03     4.24413e-01     2.03808e-02     1.28610e+04
    2.59925e+03     3.87717e-01     1.39656e-02     1.17490e+04
    2.59935e+03     3.55410e-01     8.76480e-03     1.07700e+04
    2.59945e+03     3.38778e-01     4.38240e-03     1.02660e+04
    2.59955e+03     3.53166e-01     1.87440e-03     1.07020e+04
    2.59965e+03     3.88179e-01     1.42560e-03     1.17630e+04
    2.59975e+03     4.96188e-01     6.44160e-03     1.50360e+04
    2.59985e+03     8.69715e-01     3.86760e-02     2.63550e+04
    2.59995e+03     1.33891e+00     8.03352e-02     4.05730e+04
    2.60005e+03     1.46490e+00     9.52248e-02     4.43910e+04
    2.60015e+03     1.49292e+00     9.84720e-02     4.52400e+04
    2.60025e+03     1.54760e+00     1.00346e-01     4.68970e+04
    2.60035e+03     1.62235e+00     9.61488e-02     4.91620e+04
    2.60045e+03     1.70617e+00     1.00426e-01     5.17020e+04
    2.60055e+03     1.67732e+00     9.77856e-02     5.08280e+04
    2.60065e+03     1.59268e+00     9.90792e-02     4.82630e+04
    2.60075e+03     1.47853e+00     1.01350e-01     4.48040e+04
    2.60085e+03     1.40834e+00     9.85512e-02     4.26770e+04
    2.60095e+03     1.35020e+00     9.93696e-02     4.09150e+04
    2.60105e+03     1.29228e+00     9.95808e-02     3.91600e+04
    2.60115e+03     1.25935e+00     1.00980e-01     3.81620e+04
    2.60125e+03     1.22559e+00     9.81552e-02     3.71390e+04
    2.60135e+03     1.19170e+00     9.56736e-02     3.61120e+04
    2.60145e+03     1.17371e+00     9.73632e-02     3.55670e+04
    2.60155e+03     1.15088e+00     9.83928e-02     3.48750e+04
    2.60165e+03     1.13853e+00     9.93960e-02     3.45010e+04
    2.60175e+03     1.11481e+00     9.99240e-02     3.37820e+04
    2.60185e+03     1.11421e+00     1.01693e-01     3.37640e+04
    2.60195e+03     1.10451e+00     1.00769e-01     3.34700e+04
    2.60205e+03     1.09943e+00     1.00822e-01     3.33160e+04
    2.60215e+03     1.08649e+00     9.98448e-02     3.29240e+04
    2.60225e+03     1.06620e+00     9.92112e-02     3.23090e+04
    2.60235e+03     1.07270e+00     1.01165e-01     3.25060e+04
    2.60245e+03     1.05250e+00     1.01746e-01     3.18940e+04
    2.60255e+03     1.05867e+00     1.01297e-01     3.20810e+04
    2.60265e+03     1.05557e+00     9.99768e-02     3.19870e+04
    2.60275e+03     1.03891e+00     9.91056e-02     3.14820e+04
    2.60285e+03     1.03538e+00     9.64656e-02     3.13750e+04
    2.60295e+03     1.03382e+00     9.85512e-02     3.13280e+04
    2.60305e+03     1.03521e+00     1.00927e-01     3.13700e+04
    2.60315e+03     1.03307e+00     9.94224e-02     3.13050e+04
    2.60325e+03     1.02359e+00     9.91320e-02     3.10180e+04
    2.60335e+03     1.03343e+00     1.00241e-01     3.13160e+04
    2.60345e+03     1.02518e+00     9.90000e-02     3.10660e+04
    2.60355e+03     1.02742e+00     9.99504e-02     3.11340e+04
    2.60365e+03     1.02564e+00     9.97920e-02     3.10800e+04
    2.60375e+03     1.02534e+00     1.00241e-01     3.10710e+04
    2.60385e+03     1.03541e+00     1.01983e-01     3.13760e+04
    2.60395e+03     1.02953e+00     9.86304e-02     3.11980e+04
    2.60405e+03     1.02623e+00     9.85776e-02     3.10980e+04
    2.60415e+03     1.01323e+00     9.83400e-02     3.07040e+04
    2.60425e+03     1.01112e+00     9.93960e-02     3.06400e+04
    2.60435e+03     1.02175e+00     9.80496e-02     3.09620e+04
    2.60445e+03     1.02996e+00     1.01112e-01     3.12110e+04
    2.60455e+03     9.98448e-01     9.83400e-02     3.02560e+04
    2.60465e+03     1.00980e+00     9.87624e-02     3.06000e+04
    2.60475e+03     1.01713e+00     9.98976e-02     3.08220e+04
    2.60485e+03     1.00657e+00     1.02696e-01     3.05020e+04
    2.60495e+03     1.01049e+00     1.01851e-01     3.06210e+04
    2.60505e+03     1.01627e+00     1.00716e-01     3.07960e+04
    2.60515e+03     1.01303e+00     9.94488e-02     3.06980e+04
    2.60525e+03     1.00858e+00     1.00980e-01     3.05630e+04
    2.60535e+03     1.01053e+00     9.78648e-02     3.06220e+04
    2.60545e+03     1.00396e+00     9.82344e-02     3.04230e+04
    2.60555e+03     1.01165e+00     1.01112e-01     3.06560e+04
    2.60565e+03     1.01115e+00     9.94488e-02     3.06410e+04
    2.60575e+03     1.01158e+00     9.90264e-02     3.06540e+04
    2.60585e+03     1.00690e+00     1.00241e-01     3.05120e+04
    2.60595e+03     1.00386e+00     9.91848e-02     3.04200e+04
    2.60605e+03     9.98943e-01     1.00663e-01     3.02710e+04
    2.60615e+03     1.00950e+00     1.00241e-01     3.05910e+04
    2.60625e+03     1.01445e+00     1.01033e-01     3.07410e+04
    2.60635e+03     1.00841e+00     9.95544e-02     3.05580e+04
    2.60645e+03     1.00752e+00     9.96600e-02     3.05310e+04
    2.60655e+03     1.00591e+00     9.81552e-02     3.04820e+04
    2.60665e+03     1.00544e+00     1.01983e-01     3.04680e+04
    2.60675e+03     1.00495e+00     9.96336e-02     3.04530e+04
    2.60685e+03     1.00310e+00     9.84720e-02     3.03970e+04
    2.60695e+03     9.96138e-01     9.92112e-02     3.01860e+04
    2.60705e+03     1.00676e+00     9.91584e-02     3.05080e+04
    2.60715e+03     1.01571e+00     9.98448e-02     3.07790e+04
    2.60725e+03     1.00515e+00     9.90264e-02     3.04590e+04
    2.60735e+03     9.84951e-01     9.79704e-02     2.98470e+04
    2.60745e+03     1.00640e+00     1.02432e-01     3.04970e+04
    2.60755e+03     9.92079e-01     9.75744e-02     3.00630e+04
    2.60765e+03     1.00917e+00     1.01719e-01     3.05810e+04
    2.60775e+03     1.00270e+00     1.01059e-01     3.03850e+04
    2.60785e+03     9.96006e-01     1.01693e-01     3.01820e+04
    2.60795e+03     1.01016e+00     9.53040e-02     3.06110e+04
    2.60805e+03     9.93102e-01     1.00927e-01     3.00940e+04
    2.60815e+03     9.92838e-01     9.99768e-02     3.00860e+04
    2.60825e+03     1.00228e+00     9.71784e-02     3.03720e+04
    2.60835e+03     1.01043e+00     1.02089e-01     3.06190e+04
    2.60845e+03     9.97887e-01     9.81024e-02     3.02390e+04
    2.60855e+03     1.00426e+00     9.95544e-02     3.04320e+04
    2.60865e+03     1.01020e+00     1.02142e-01     3.06120e+04
    2.60875e+03     1.00327e+00     1.01086e-01     3.04020e+04
    2.60885e+03     1.00973e+00     9.90000e-02     3.05980e+04
    2.60895e+03     9.97590e-01     1.00795e-01     3.02300e+04
    2.60905e+03     1.00749e+00     1.03171e-01     3.05300e+04
    2.60915e+03     9.98349e-01     9.82608e-02     3.02530e+04
    2.60925e+03     1.00683e+00     1.02326e-01     3.05100e+04
    2.60935e+03     1.01155e+00     1.00478e-01     3.06530e+04
    2.60945e+03     9.99999e-01     9.95280e-02     3.03030e+04
    2.60955e+03     1.00551e+00     9.81288e-02     3.04700e+04
    2.60965e+03     9.94059e-01     9.89472e-02     3.01230e+04
    2.60975e+03     1.01617e+00     1.00822e-01     3.07930e+04
    2.60985e+03     1.01105e+00     1.00109e-01     3.06380e+04
    2.60995e+03     1.00254e+00     9.86304e-02     3.03800e+04
    2.61005e+03     1.01472e+00     1.02062e-01     3.07490e+04
    2.61015e+03     1.02092e+00     1.00716e-01     3.09370e+04
    2.61025e+03     1.00049e+00     9.69672e-02     3.03180e+04
    2.61035e+03     1.01815e+00     1.02934e-01     3.08530e+04
    2.61045e+03     1.00832e+00     9.85248e-02     3.05550e+04
    2.61055e+03     1.00947e+00     9.76800e-02     3.05900e+04
    2.61065e+03     1.01468e+00     9.92376e-02     3.07480e+04
    2.61075e+03     1.01234e+00     1.00003e-01     3.06770e+04
    2.61085e+03     1.02300e+00     1.01561e-01     3.10000e+04
    2.61095e+03     1.02825e+00     1.01191e-01     3.11590e+04
    2.61105e+03     1.02911e+00     9.90000e-02     3.11850e+04
    2.61115e+03     1.01864e+00     9.74952e-02     3.08680e+04
    2.61125e+03     1.03326e+00     9.95808e-02     3.13110e+04
    2.61135e+03     1.03168e+00     1.02432e-01     3.12630e+04
    2.61145e+03     1.03818e+00     1.01640e-01     3.14600e+04
    2.61155e+03     1.03831e+00     1.00927e-01     3.14640e+04
    2.61165e+03     1.05178e+00     1.01059e-01     3.18720e+04
    2.61175e+03     1.04339e+00     9.86568e-02     3.16180e+04
    2.61185e+03     1.07273e+00     1.01429e-01     3.25070e+04
    2.61195e+03     1.09580e+00     9.92640e-02     3.32060e+04
    2.61205e+03     1.10705e+00     9.76536e-02     3.35470e+04
    2.61215e+03     1.16754e+00     9.95016e-02     3.53800e+04
    2.61225e+03     1.21219e+00     1.01402e-01     3.67330e+04
    2.61235e+03     1.21407e+00     9.60432e-02     3.67900e+04
    2.61245e+03     1.23879e+00     1.01983e-01     3.75390e+04
    2.61255e+03     1.22143e+00     9.95280e-02     3.70130e+04
    2.61265e+03     1.22529e+00     9.93960e-02     3.71300e+04
    2.61275e+03     1.22526e+00     9.88152e-02     3.71290e+04
    2.61285e+03     1.21404e+00     9.90528e-02     3.67890e+04
    2.61295e+03     1.21981e+00     9.93696e-02     3.69640e+04
    2.61305e+03     1.21780e+00     9.86832e-02     3.69030e+04
    2.61315e+03     1.16886e+00     9.93432e-02     3.54200e+04
    2.61325e+03     1.11626e+00     9.95280e-02     3.38260e+04
    2.61335e+03     1.09646e+00     9.90264e-02     3.32260e+04
    2.61345e+03     1.06224e+00     1.00874e-01     3.21890e+04
    2.61355e+03     1.05610e+00     1.00320e-01     3.20030e+04
    2.61365e+03     1.06234e+00     1.01138e-01     3.21920e+04
    2.61375e+03     1.02943e+00     9.86568e-02     3.11950e+04
    2.61385e+03     1.03877e+00     1.00188e-01     3.14780e+04
    2.61395e+03     1.04316e+00     9.93696e-02     3.16110e+04
    2.61405e+03     1.02485e+00     9.94752e-02     3.10560e+04
    2.61415e+03     1.02280e+00     1.01297e-01     3.09940e+04
    2.61425e+03     1.01630e+00     1.01191e-01     3.07970e+04
    2.61435e+03     1.01495e+00     1.00980e-01     3.07560e+04
    2.61445e+03     1.02086e+00     1.01957e-01     3.09350e+04
    2.61455e+03     1.00723e+00     9.69144e-02     3.05220e+04
    2.61465e+03     1.01657e+00     1.00954e-01     3.08050e+04
    2.61475e+03     1.00525e+00     1.00135e-01     3.04620e+04
    2.61485e+03     1.01518e+00     1.01429e-01     3.07630e+04
    2.61495e+03     1.01261e+00     1.00003e-01     3.06850e+04
    2.61505e+03     1.00412e+00     9.97392e-02     3.04280e+04
    2.61515e+03     1.00683e+00     1.01957e-01     3.05100e+04
    2.61525e+03     1.00765e+00     9.88416e-02     3.05350e+04
    2.61535e+03     9.98877e-01     9.74688e-02     3.02690e+04
    2.61545e+03     1.00376e+00     1.01508e-01     3.04170e+04
    2.61555e+03     1.00581e+00     1.00558e-01     3.04790e+04
    2.61565e+03     1.00221e+00     9.96336e-02     3.03700e+04
    2.61575e+03     1.00006e+00     1.00531e-01     3.03050e+04
    2.61585e+03     9.99768e-01     9.74424e-02     3.02960e+04
    2.61595e+03     1.00049e+00     1.02379e-01     3.03180e+04
    2.61605e+03     1.00396e+00     1.02538e-01     3.04230e+04
    2.61615e+03     9.85908e-01     9.81024e-02     2.98760e+04
    2.61625e+03     1.00888e+00     1.00346e-01     3.05720e+04
    2.61635e+03     1.00366e+00     1.00346e-01     3.04140e+04
    2.61645e+03     9.99504e-01     9.74424e-02     3.02880e+04
    2.61655e+03     1.00990e+00     9.98448e-02     3.06030e+04
    2.61665e+03     1.00320e+00     9.82608e-02     3.04000e+04
    2.61675e+03     1.00802e+00     1.02010e-01     3.05460e+04
    2.61685e+03     1.00511e+00     1.00505e-01     3.04580e+04
    2.61695e+03     9.91650e-01     9.79704e-02     3.00500e+04
    2.61705e+03     9.95511e-01     9.83136e-02     3.01670e+04
    2.61715e+03     9.99999e-01     9.82872e-02     3.03030e+04
    2.61725e+03     9.98613e-01     9.99504e-02     3.02610e+04
    2.61735e+03     1.01066e+00     1.00901e-01     3.06260e+04
    2.61745e+03     1.00676e+00     9.77592e-02     3.05080e+04
    2.61755e+03     9.99075e-01     1.01482e-01     3.02750e+04
    2.61765e+03     1.00828e+00     1.00584e-01     3.05540e+04
    2.61775e+03     9.98646e-01     9.85512e-02     3.02620e+04
    2.61785e+03     1.00264e+00     9.92376e-02     3.03830e+04
    2.61795e+03     1.00403e+00     9.91584e-02     3.04250e+04
    2.61805e+03     9.96501e-01     9.96600e-02     3.01970e+04
    2.61815e+03     1.00445e+00     1.02986e-01     3.04380e+04
    2.61825e+03     1.00449e+00     9.89472e-02     3.04390e+04
    2.61835e+03     9.99042e-01     9.91320e-02     3.02740e+04
    2.61845e+03     1.00432e+00     9.92904e-02     3.04340e+04
    2.61855e+03     1.00043e+00     9.99240e-02     3.03160e+04
    2.61865e+03     1.00792e+00     9.95544e-02     3.05430e+04
    2.61875e+03     1.00257e+00     1.01006e-01     3.03810e+04
    2.61885e+03     9.93135e-01     1.00874e-01     3.00950e+04
    2.61895e+03     1.00043e+00     1.03039e-01     3.03160e+04
    2.61905e+03     9.99405e-01     1.02115e-01     3.02850e+04
    2.61915e+03     9.97095e-01     1.02115e-01     3.02150e+04
    2.61925e+03     1.00277e+00     1.00003e-01     3.03870e+04
    2.61935e+03     1.00970e+00     1.02775e-01     3.05970e+04
    2.61945e+03     1.00488e+00     9.98448e-02     3.04510e+04
    2.61955e+03     9.94422e-01     1.00373e-01     3.01340e+04
    2.61965e+03     1.00858e+00     1.01218e-01     3.05630e+04
    2.61975e+03     1.00317e+00     1.01640e-01     3.03990e+04
    2.61985e+03     9.94686e-01     9.93168e-02     3.01420e+04
    2.61995e+03     9.98547e-01     1.00214e-01     3.02590e+04
    2.62005e+03     9.95445e-01     9.92376e-02     3.01650e+04
    2.62015e+03     1.00089e+00     1.01983e-01     3.03300e+04
    2.62025e+03     9.91122e-01     9.77328e-02     3.00340e+04
    2.62035e+03     9.94422e-01     1.00294e-01     3.01340e+04
    2.62045e+03     9.96468e-01     9.90264e-02     3.01960e+04
    2.62055e+03     9.95643e-01     1.01455e-01     3.01710e+04
    2.62065e+03     1.01343e+00     1.01244e-01     3.07100e+04
    2.62075e+03     1.00079e+00     1.01191e-01     3.03270e+04
    2.62085e+03     9.97953e-01     1.01640e-01     3.02410e+04
    2.62095e+03     9.99636e-01     1.01112e-01     3.02920e+04
    2.62105e+03     9.95742e-01     9.92376e-02     3.01740e+04
    2.62115e+03     9.97689e-01     1.00056e-01     3.02330e+04
    2.62125e+03     9.99174e-01     9.91320e-02     3.02780e+04
    2.62135e+03     1.00541e+00     9.87360e-02     3.04670e+04
    2.62145e+03     9.94917e-01     9.96072e-02     3.01490e+04
    2.62155e+03     1.00795e+00     1.00478e-01     3.05440e+04
    2.62165e+03     9.93960e-01     1.00056e-01     3.01200e+04
    2.62175e+03     9.97161e-01     1.00584e-01     3.02170e+04
    2.62185e+03     1.00957e+00     1.00901e-01     3.05930e+04
    2.62195e+03     9.94224e-01     9.99768e-02     3.01280e+04
    2.62205e+03     9.96138e-01     9.88416e-02     3.01860e+04
    2.62215e+03     1.00650e+00     1.01455e-01     3.05000e+04
    2.62225e+03     1.00346e+00     9.82608e-02     3.04080e+04
    2.62235e+03     9.95775e-01     9.94752e-02     3.01750e+04
    2.62245e+03     1.01208e+00     9.90792e-02     3.06690e+04
    2.62255e+03     1.00766e+00     9.94752e-02     3.05350e+04
    2.62265e+03     9.97293e-01     1.00294e-01     3.02210e+04
    2.62275e+03     1.00429e+00     1.00690e-01     3.04330e+04
    2.62285e+03     1.00043e+00     1.02274e-01     3.03160e+04
    2.62295e+03     1.00825e+00     1.02802e-01     3.05530e+04
    2.62305e+03     9.97986e-01     9.70992e-02     3.02420e+04
    2.62315e+03     1.00370e+00     9.84192e-02     3.04150e+04
    2.62325e+03     1.00482e+00     9.73368e-02     3.04490e+04
    2.62335e+03     1.01459e+00     1.02274e-01     3.07450e+04
    2.62345e+03     1.00832e+00     1.00769e-01     3.05550e+04
    2.62355e+03     9.98382e-01     1.00531e-01     3.02540e+04
    2.62365e+03     1.00643e+00     1.02379e-01     3.04980e+04
    2.62375e+03     1.01208e+00     1.01587e-01     3.06690e+04
    2.62385e+03     1.00096e+00     9.89736e-02     3.03320e+04
    2.62395e+03     1.00983e+00     9.99768e-02     3.06010e+04
    2.62405e+03     1.00686e+00     9.68352e-02     3.05110e+04
    2.62415e+03     1.00577e+00     1.01587e-01     3.04780e+04
    2.62425e+03     1.01907e+00     1.02247e-01     3.08810e+04
    2.62435e+03     1.00848e+00     1.00769e-01     3.05600e+04
    2.62445e+03     1.02970e+00     1.00478e-01     3.12030e+04
    2.62455e+03     1.00683e+00     9.97392e-02     3.05100e+04
    2.62465e+03     1.01498e+00     9.99504e-02     3.07570e+04
    2.62475e+03     1.01554e+00     1.01666e-01     3.07740e+04
    2.62485e+03     1.01214e+00     9.98712e-02     3.06710e+04
    2.62495e+03     1.01709e+00     9.80232e-02     3.08210e+04
    2.62505e+03     1.02462e+00     9.93960e-02     3.10490e+04
    2.62515e+03     1.03755e+00     1.01798e-01     3.14410e+04
    2.62525e+03     1.02406e+00     1.00452e-01     3.10320e+04
    2.62535e+03     1.03851e+00     9.73368e-02     3.14700e+04
    2.62545e+03     1.05019e+00     1.00716e-01     3.18240e+04
    2.62555e+03     1.06065e+00     1.00135e-01     3.21410e+04
    2.62565e+03     1.06811e+00     1.01402e-01     3.23670e+04
    2.62575e+03     1.08012e+00     9.73104e-02     3.27310e+04
    2.62585e+03     1.11801e+00     1.01191e-01     3.38790e+04
    2.62595e+03     1.17863e+00     9.93696e-02     3.57160e+04
    2.62605e+03     1.28746e+00     1.06022e-01     3.90140e+04
    2.62615e+03     1.26789e+00     1.00003e-01     3.84210e+04
    2.62625e+03     1.28707e+00     1.01402e-01     3.90020e+04
    2.62635e+03     1.27779e+00     1.00399e-01     3.87210e+04
    2.62645e+03     1.27981e+00     1.00690e-01     3.87820e+04
    2.62655e+03     1.26535e+00     1.01561e-01     3.83440e+04
    2.62665e+03     1.27994e+00     9.93960e-02     3.87860e+04
    2.62675e+03     1.27274e+00     1.00637e-01     3.85680e+04
    2.62685e+03     1.28255e+00     9.97392e-02     3.88650e+04
    2.62695e+03     1.18784e+00     9.87624e-02     3.59950e+04
    2.62705e+03     1.11599e+00     9.89736e-02     3.38180e+04
    2.62715e+03     1.08686e+00     1.02062e-01     3.29350e+04
    2.62725e+03     1.06715e+00     9.86568e-02     3.23380e+04
    2.62735e+03     1.05306e+00     1.00531e-01     3.19110e+04
    2.62745e+03     1.04485e+00     9.68880e-02     3.16620e+04
    2.62755e+03     1.02881e+00     9.68088e-02     3.11760e+04
    2.62765e+03     1.03613e+00     9.99768e-02     3.13980e+04
    2.62775e+03     1.02613e+00     1.00558e-01     3.10950e+04
    2.62785e+03     1.02683e+00     1.01508e-01     3.11160e+04
    2.62795e+03     1.03089e+00     1.00426e-01     3.12390e+04
    2.62805e+03     1.01600e+00     9.95808e-02     3.07880e+04
    2.62815e+03     1.01663e+00     9.98976e-02     3.08070e+04
    2.62825e+03     1.01775e+00     9.90000e-02     3.08410e+04
    2.62835e+03     1.01419e+00     1.00954e-01     3.07330e+04
    2.62845e+03     1.01650e+00     9.99504e-02     3.08030e+04
    2.62855e+03     9.99999e-01     1.00584e-01     3.03030e+04
    2.62865e+03     1.00607e+00     9.82344e-02     3.04870e+04
    2.62875e+03     1.00911e+00     1.00980e-01     3.05790e+04
    2.62885e+03     1.01848e+00     1.03145e-01     3.08630e+04
    2.62895e+03     1.00495e+00     9.90000e-02     3.04530e+04
    2.62905e+03     1.02237e+00     9.90264e-02     3.09810e+04
    2.62915e+03     1.00610e+00     9.89208e-02     3.04880e+04
    2.62925e+03     1.01983e+00     1.01350e-01     3.09040e+04
    2.62935e+03     1.00911e+00     9.96336e-02     3.05790e+04
    2.62945e+03     1.00660e+00     1.00452e-01     3.05030e+04
    2.62955e+03     1.00102e+00     1.00162e-01     3.03340e+04
    2.62965e+03     1.01432e+00     1.00980e-01     3.07370e+04
    2.62975e+03     1.01828e+00     1.00980e-01     3.08570e+04
    2.62985e+03     1.01006e+00     1.00505e-01     3.06080e+04
    2.62995e+03     1.00119e+00     1.01244e-01     3.03390e+04
    2.63005e+03     1.00756e+00     1.00082e-01     3.05320e+04
    2.63015e+03     1.00815e+00     9.90792e-02     3.05500e+04
    2.63025e+03     1.00350e+00     1.00663e-01     3.04090e+04
    2.63035e+03     1.01320e+00     9.91056e-02     3.07030e+04
    2.63045e+03     1.01185e+00     9.99240e-02     3.06620e+04
    2.63055e+03     1.00914e+00     1.01825e-01     3.05800e+04
    2.63065e+03     1.01320e+00     1.00531e-01     3.07030e+04
    2.63075e+03     1.01251e+00     9.94224e-02     3.06820e+04
    2.63085e+03     1.02389e+00     1.02036e-01     3.10270e+04
    2.63095e+03     1.01152e+00     1.00452e-01     3.06520e+04
    2.63105e+03     1.03158e+00     1.01270e-01     3.12600e+04
    2.63115e+03     1.02828e+00     1.03330e-01     3.11600e+04
    2.63125e+03     1.03283e+00     1.00426e-01     3.12980e+04
    2.63135e+03     1.04198e+00     9.79176e-02     3.15750e+04
    2.63145e+03     1.05155e+00     9.87360e-02     3.18650e+04
    2.63155e+03     1.06329e+00     9.80496e-02     3.22210e+04
    2.63165e+03     1.11293e+00     9.95808e-02     3.37250e+04
    2.63175e+03     1.11094e+00     9.95544e-02     3.36650e+04
    2.63185e+03     1.11543e+00     1.01138e-01     3.38010e+04
    2.63195e+03     1.11042e+00     9.86304e-02     3.36490e+04
    2.63205e+03     1.10949e+00     1.00822e-01     3.36210e+04
    2.63215e+03     1.11104e+00     1.01640e-01     3.36680e+04
    2.63225e+03     1.11860e+00     1.03488e-01     3.38970e+04
    2.63235e+03     1.11217e+00     1.00082e-01     3.37020e+04
    2.63245e+03     1.11368e+00     9.77856e-02     3.37480e+04
    2.63255e+03     1.10405e+00     1.00346e-01     3.34560e+04
    2.63265e+03     1.07184e+00     9.83928e-02     3.24800e+04
    2.63275e+03     1.05065e+00     1.00452e-01     3.18380e+04
    2.63285e+03     1.04597e+00     1.02432e-01     3.16960e+04
    2.63295e+03     1.02577e+00     9.97392e-02     3.10840e+04
    2.63305e+03     1.03158e+00     1.02538e-01     3.12600e+04
    2.63315e+03     1.01389e+00     9.88944e-02     3.07240e+04
    2.63325e+03     1.01901e+00     9.96072e-02     3.08790e+04
    2.63335e+03     1.01990e+00     9.98448e-02     3.09060e+04
    2.63345e+03     1.02158e+00     1.03198e-01     3.09570e+04
    2.63355e+03     1.01907e+00     1.01138e-01     3.08810e+04
    2.63365e+03     1.00775e+00     1.01297e-01     3.05380e+04
    2.63375e+03     1.01759e+00     9.98712e-02     3.08360e+04
    2.63385e+03     1.00518e+00     9.70728e-02     3.04600e+04
    2.63395e+03     1.01221e+00     9.92376e-02     3.06730e+04
    2.63405e+03     1.00531e+00     1.00901e-01     3.04640e+04
    2.63415e+03     1.01105e+00     9.86040e-02     3.06380e+04
    2.63425e+03     1.00921e+00     1.01191e-01     3.05820e+04
    2.63435e+03     1.00594e+00     9.73896e-02     3.04830e+04
    2.63445e+03     1.00033e+00     9.82080e-02     3.03130e+04
    2.63455e+03     9.98217e-01     1.00346e-01     3.02490e+04
    2.63465e+03     1.01600e+00     1.04465e-01     3.07880e+04
    2.63475e+03     9.96864e-01     1.00320e-01     3.02080e+04
    2.63485e+03     1.01353e+00     1.00294e-01     3.07130e+04
    2.63495e+03     1.00254e+00     9.93960e-02     3.03800e+04
    2.63505e+03     9.98118e-01     9.92376e-02     3.02460e+04
    2.63515e+03     1.00234e+00     9.92904e-02     3.03740e+04
    2.63525e+03     1.00534e+00     9.97920e-02     3.04650e+04
    2.63535e+03     9.94983e-01     1.00954e-01     3.01510e+04
    2.63545e+03     9.99636e-01     1.00346e-01     3.02920e+04
    2.63555e+03     9.92013e-01     9.73104e-02     3.00610e+04
    2.63565e+03     1.00261e+00     1.02221e-01     3.03820e+04
    2.63575e+03     9.97623e-01     9.84720e-02     3.02310e+04
    2.63585e+03     1.00574e+00     1.00241e-01     3.04770e+04
    2.63595e+03     1.00442e+00     9.90264e-02     3.04370e+04
    2.63605e+03     9.96204e-01     1.00452e-01     3.01880e+04
    2.63615e+03     1.00208e+00     1.00162e-01     3.03660e+04
    2.63625e+03     1.00267e+00     1.01719e-01     3.03840e+04
    2.63635e+03     1.00274e+00     9.91848e-02     3.03860e+04
    2.63645e+03     9.96930e-01     1.00426e-01     3.02100e+04
    2.63655e+03     9.94785e-01     9.85512e-02     3.01450e+04
    2.63665e+03     1.00525e+00     1.02432e-01     3.04620e+04
    2.63675e+03     1.00264e+00     9.96864e-02     3.03830e+04
    2.63685e+03     1.00835e+00     9.90792e-02     3.05560e+04
    2.63695e+03     9.94191e-01     9.88680e-02     3.01270e+04
    2.63705e+03     9.94950e-01     9.96864e-02     3.01500e+04
    2.63715e+03     9.94257e-01     9.56208e-02     3.01290e+04
    2.63725e+03     9.97029e-01     9.82080e-02     3.02130e+04
    2.63735e+03     9.99768e-01     9.91320e-02     3.02960e+04
    2.63745e+03     9.88911e-01     9.94224e-02     2.99670e+04
    2.63755e+03     1.00528e+00     1.01218e-01     3.04630e+04
    2.63765e+03     1.00082e+00     9.83928e-02     3.03280e+04
    2.63775e+03     9.96864e-01     9.75480e-02     3.02080e+04
    2.63785e+03     9.94389e-01     1.00373e-01     3.01330e+04
    2.63795e+03     9.96831e-01     9.76800e-02     3.02070e+04
    2.63805e+03     1.01228e+00     1.03462e-01     3.06750e+04
    2.63815e+03     1.00670e+00     1.04650e-01     3.05060e+04
    2.63825e+03     9.92706e-01     9.84192e-02     3.00820e+04
    2.63835e+03     9.96402e-01     9.88152e-02     3.01940e+04
    2.63845e+03     9.95709e-01     9.78120e-02     3.01730e+04
    2.63855e+03     1.00224e+00     1.00056e-01     3.03710e+04
    2.63865e+03     1.00323e+00     1.03277e-01     3.04010e+04
    2.63875e+03     9.93102e-01     9.91056e-02     3.00940e+04
    2.63885e+03     1.00109e+00     9.99768e-02     3.03360e+04
    2.63895e+03     1.00261e+00     1.01191e-01     3.03820e+04
