    2.78005e+03     1.00716e+00     1.00992e-01     2.51790e+04
    2.78015e+03     1.01492e+00     1.01328e-01     2.53730e+04
    2.78025e+03     9.91920e-01     9.85440e-02     2.47980e+04
    2.78035e+03     1.00980e+00     1.03728e-01     2.52450e+04
    2.78045e+03     1.00684e+00     1.02240e-01     2.51710e+04
    2.78055e+03     9.98720e-01     1.01424e-01     2.49680e+04
    2.78065e+03     9.89080e-01     9.60480e-02     2.47270e+04
    2.78075e+03     1.00356e+00     1.00320e-01     2.50890e+04
    2.78085e+03     9.99640e-01     1.03056e-01     2.49910e+04
    2.78095e+03     9.97920e-01     1.00272e-01     2.49480e+04
    2.78105e+03     1.00344e+00     9.84000e-02     2.50860e+04
    2.78115e+03     1.00728e+00     9.69120e-02     2.51820e+04
    2.78125e+03     1.00412e+00     9.77280e-02     2.51030e+04
    2.78135e+03     9.91520e-01     9.90720e-02     2.47880e+04
    2.78145e+03     1.00756e+00     1.02624e-01     2.51890e+04
    2.78155e+03     9.94240e-01     9.56640e-02     2.48560e+04
    2.78165e+03     9.96040e-01     1.01088e-01     2.49010e+04
    2.78175e+03     9.89680e-01     9.83040e-02     2.47420e+04
    2.78185e+03     1.00068e+00     9.97440e-02     2.50170e+04
    2.78195e+03     1.00156e+00     1.04352e-01     2.50390e+04
    2.78205e+03     1.01200e+00     1.06368e-01     2.53000e+04
    2.78215e+03     9.95800e-01     9.83520e-02     2.48950e+04
    2.78225e+03     9.92120e-01     9.93600e-02     2.48030e+04
    2.78235e+03     9.88600e-01     9.77280e-02     2.47150e+04
    2.78245e+03     1.00356e+00     9.64800e-02     2.50890e+04
    2.78255e+03     1.00784e+00     1.01088e-01     2.51960e+04
    2.78265e+03     1.00324e+00     9.56160e-02     2.50810e+04
    2.78275e+03     1.00636e+00     9.97920e-02     2.51590e+04
    2.78285e+03     9.95520e-01     9.87840e-02     2.48880e+04
    2.78295e+03     1.00348e+00     1.00800e-01     2.50870e+04
    2.78305e+03     9.92040e-01     9.85920e-02     2.48010e+04
    2.78315e+03     1.00172e+00     1.02192e-01     2.50430e+04
    2.78325e+03     9.90800e-01     9.73920e-02     2.47700e+04
    2.78335e+03     9.90440e-01     1.02432e-01     2.47610e+04
    2.78345e+03     9.98320e-01     9.87360e-02     2.49580e+04
    2.78355e+03     1.00268e+00     1.05744e-01     2.50670e+04
    2.78365e+03     9.95360e-01     9.59520e-02     2.48840e+04
    2.78375e+03     1.00628e+00     9.83040e-02     2.51570e+04
    2.78385e+03     1.00400e+00     1.00368e-01     2.51000e+04
    2.78395e+03     9.95920e-01     9.87360e-02     2.48980e+04
    2.78405e+03     1.00796e+00     1.01232e-01     2.51990e+04
    2.78415e+03     1.00388e+00     1.02864e-01     2.50970e+04
    2.78425e+03     1.00448e+00     9.97440e-02     2.51120e+04
    2.78435e+03     9.97920e-01     9.93120e-02     2.49480e+04
    2.78445e+03     9.98600e-01     9.85920e-02     2.49650e+04
    2.78455e+03     9.96600e-01     9.76320e-02     2.49150e+04
    2.78465e+03     1.01444e+00     1.05312e-01     2.53610e+04
    2.78475e+03     9.92880e-01     9.96960e-02     2.48220e+04
    2.78485e+03     9.91800e-01     9.85440e-02     2.47950e+04
    2.78495e+03     9.93360e-01     1.00944e-01     2.48340e+04
    2.78505e+03     1.00020e+00     1.00224e-01     2.50050e+04
    2.78515e+03     9.96400e-01     9.68160e-02     2.49100e+04
    2.78525e+03     9.99440e-01     9.87360e-02     2.49860e+04
    2.78535e+03     1.01340e+00     9.95040e-02     2.53350e+04
    2.78545e+03     9.95160e-01     9.92640e-02     2.48790e+04
    2.78555e+03     9.99280e-01     1.01952e-01     2.49820e+04
    2.78565e+03     1.00284e+00     1.00944e-01     2.50710e+04
    2.78575e+03     1.00160e+00     9.89760e-02     2.50400e+04
    2.78585e+03     9.84520e-01     9.69120e-02     2.46130e+04
    2.78595e+03     1.00392e+00     1.01376e-01     2.50980e+04
    2.78605e+03     9.99480e-01     9.81600e-02     2.49870e+04
    2.78615e+03     1.00512e+00     1.03296e-01     2.51280e+04
    2.78625e+03     9.94720e-01     1.00368e-01     2.48680e+04
    2.78635e+03     9.96720e-01     1.02864e-01     2.49180e+04
    2.78645e+03     9.89240e-01     1.01136e-01     2.47310e+04
    2.78655e+03     1.00532e+00     1.01280e-01     2.51330e+04
    2.78665e+03     9.92200e-01     1.00608e-01     2.48050e+04
    2.78675e+03     9.98040e-01     1.01136e-01     2.49510e+04
    2.78685e+03     9.94520e-01     1.02336e-01     2.48630e+04
    2.78695e+03     1.00364e+00     1.01184e-01     2.50910e+04
    2.78705e+03     9.96360e-01     9.82080e-02     2.49090e+04
    2.78715e+03     1.00296e+00     9.86880e-02     2.50740e+04
    2.78725e+03     9.93960e-01     9.93600e-02     2.48490e+04
    2.78735e+03     1.00332e+00     9.94560e-02     2.50830e+04
    2.78745e+03     1.00116e+00     1.01520e-01     2.50290e+04
    2.78755e+03     1.00264e+00     1.02624e-01     2.50660e+04
    2.78765e+03     9.95960e-01     9.76800e-02     2.48990e+04
    2.78775e+03     9.96560e-01     1.01808e-01     2.49140e+04
    2.78785e+03     1.00044e+00     9.72000e-02     2.50110e+04
    2.78795e+03     1.00104e+00     1.00560e-01     2.50260e+04
    2.78805e+03     9.99360e-01     9.72480e-02     2.49840e+04
    2.78815e+03     1.00820e+00     1.00704e-01     2.52050e+04
    2.78825e+03     9.90200e-01     1.01088e-01     2.47550e+04
    2.78835e+03     9.80880e-01     9.69600e-02     2.45220e+04
    2.78845e+03     1.00652e+00     1.00896e-01     2.51630e+04
    2.78855e+03     9.99760e-01     9.61920e-02     2.49940e+04
    2.78865e+03     9.98920e-01     9.86400e-02     2.49730e+04
    2.78875e+03     9.87240e-01     9.76800e-02     2.46810e+04
    2.78885e+03     9.98200e-01     9.75360e-02     2.49550e+04
    2.78895e+03     1.00064e+00     1.00128e-01     2.50160e+04
    2.78905e+03     9.98440e-01     9.90240e-02     2.49610e+04
    2.78915e+03     9.96360e-01     9.90720e-02     2.49090e+04
    2.78925e+03     9.97200e-01     9.79680e-02     2.49300e+04
    2.78935e+03     1.00508e+00     1.00080e-01     2.51270e+04
    2.78945e+03     9.88840e-01     1.00272e-01     2.47210e+04
    2.78955e+03     9.95240e-01     9.75360e-02     2.48810e+04
    2.78965e+03     1.00532e+00     9.71040e-02     2.51330e+04
    2.78975e+03     9.95400e-01     9.91680e-02     2.48850e+04
    2.78985e+03     9.96640e-01     9.94080e-02     2.49160e+04
    2.78995e+03     9.34640e-01     9.12480e-02     2.33660e+04
    2.79005e+03     9.25600e-01     9.32160e-02     2.31400e+04
    2.79015e+03     9.20400e-01     9.36000e-02     2.30100e+04
    2.79025e+03     9.12680e-01     8.81280e-02     2.28170e+04
    2.79035e+03     8.99880e-01     8.74560e-02     2.24970e+04
    2.79045e+03     8.93640e-01     9.17760e-02     2.23410e+04
    2.79055e+03     8.90360e-01     8.77920e-02     2.22590e+04
    2.79065e+03     8.68680e-01     8.50560e-02     2.17170e+04
    2.79075e+03     8.49440e-01     8.11200e-02     2.12360e+04
    2.79085e+03     8.55880e-01     8.41920e-02     2.13970e+04
    2.79095e+03     8.33240e-01     8.25120e-02     2.08310e+04
    2.79105e+03     8.26120e-01     7.90560e-02     2.06530e+04
    2.79115e+03     8.07640e-01     7.68480e-02     2.01910e+04
    2.79125e+03     8.07000e-01     7.94400e-02     2.01750e+04
    2.79135e+03     8.02400e-01     8.04480e-02     2.00600e+04
    2.79145e+03     7.89680e-01     7.44000e-02     1.97420e+04
    2.79155e+03     7.72720e-01     7.37280e-02     1.93180e+04
    2.79165e+03     7.65680e-01     7.65600e-02     1.91420e+04
    2.79175e+03     7.57680e-01     7.24320e-02     1.89420e+04
    2.79185e+03     7.50920e-01     7.13760e-02     1.87730e+04
    2.79195e+03     7.33360e-01     6.84480e-02     1.83340e+04
    2.79205e+03     7.35640e-01     7.04160e-02     1.83910e+04
    2.79215e+03     7.24920e-01     6.98400e-02     1.81230e+04
    2.79225e+03     7.24120e-01     6.70080e-02     1.81030e+04
    2.79235e+03     7.11160e-01     6.77280e-02     1.77790e+04
    2.79245e+03     7.10720e-01     6.48000e-02     1.77680e+04
    2.79255e+03     7.01160e-01     6.44640e-02     1.75290e+04
    2.79265e+03     6.86040e-01     6.01440e-02     1.71510e+04
    2.79275e+03     6.87360e-01     6.26880e-02     1.71840e+04
    2.79285e+03     6.74240e-01     6.10560e-02     1.68560e+04
    2.79295e+03     6.82360e-01     6.11040e-02     1.70590e+04
    2.79305e+03     6.78600e-01     5.95200e-02     1.69650e+04
    2.79315e+03     6.66160e-01     5.72640e-02     1.66540e+04
    2.79325e+03     6.69040e-01     5.82720e-02     1.67260e+04
    2.79335e+03     6.64720e-01     5.38560e-02     1.66180e+04
    2.79345e+03     6.66360e-01     5.59680e-02     1.66590e+04
    2.79355e+03     6.70040e-01     5.23200e-02     1.67510e+04
    2.79365e+03     6.62440e-01     5.26080e-02     1.65610e+04
    2.79375e+03     6.64600e-01     4.94880e-02     1.66150e+04
    2.79385e+03     6.67760e-01     5.23680e-02     1.66940e+04
    2.79395e+03     6.60840e-01     4.92480e-02     1.65210e+04
    2.79405e+03     6.71560e-01     4.98240e-02     1.67890e+04
    2.79415e+03     6.71600e-01     4.88160e-02     1.67900e+04
    2.79425e+03     6.76760e-01     4.77120e-02     1.69190e+04
    2.79435e+03     6.84640e-01     4.75200e-02     1.71160e+04
    2.79445e+03     6.97920e-01     4.82880e-02     1.74480e+04
    2.79455e+03     6.89680e-01     4.64640e-02     1.72420e+04
    2.79465e+03     7.05360e-01     4.84320e-02     1.76340e+04
    2.79475e+03     7.20640e-01     4.44000e-02     1.80160e+04
    2.79485e+03     7.30960e-01     4.72800e-02     1.82740e+04
    2.79495e+03     7.29880e-01     4.19520e-02     1.82470e+04
    2.79505e+03     7.45640e-01     4.16160e-02     1.86410e+04
    2.79515e+03     7.64960e-01     4.18560e-02     1.91240e+04
    2.79525e+03     7.85800e-01     4.26720e-02     1.96450e+04
    2.79535e+03     8.05560e-01     4.52640e-02     2.01390e+04
    2.79545e+03     8.30320e-01     4.05600e-02     2.07580e+04
    2.79555e+03     8.63640e-01     4.35840e-02     2.15910e+04
    2.79565e+03     8.93840e-01     4.08480e-02     2.23460e+04
    2.79575e+03     9.29520e-01     3.94560e-02     2.32380e+04
    2.79585e+03     9.77560e-01     4.03200e-02     2.44390e+04
    2.79595e+03     1.03876e+00     3.84000e-02     2.59690e+04
    2.79605e+03     1.12004e+00     3.99360e-02     2.80010e+04
    2.79615e+03     1.22452e+00     4.19520e-02     3.06130e+04
    2.79625e+03     1.43104e+00     3.92640e-02     3.57760e+04
    2.79635e+03     2.22648e+00     7.90560e-02     5.56620e+04
    2.79645e+03     2.07032e+00     1.00752e-01     5.17580e+04
    2.79655e+03     1.85800e+00     9.44640e-02     4.64500e+04
    2.79665e+03     1.75744e+00     1.01664e-01     4.39360e+04
    2.79675e+03     1.68264e+00     1.03152e-01     4.20660e+04
    2.79685e+03     1.62092e+00     1.04352e-01     4.05230e+04
    2.79695e+03     1.54936e+00     1.00608e-01     3.87340e+04
    2.79705e+03     1.48316e+00     9.88800e-02     3.70790e+04
    2.79715e+03     1.37652e+00     9.20640e-02     3.44130e+04
    2.79725e+03     1.33128e+00     9.05280e-02     3.32820e+04
    2.79735e+03     1.29100e+00     9.11040e-02     3.22750e+04
    2.79745e+03     1.25168e+00     8.87520e-02     3.12920e+04
    2.79755e+03     1.22796e+00     8.82240e-02     3.06990e+04
    2.79765e+03     1.17960e+00     8.53440e-02     2.94900e+04
    2.79775e+03     1.15672e+00     8.32800e-02     2.89180e+04
    2.79785e+03     1.14212e+00     8.77920e-02     2.85530e+04
    2.79795e+03     1.10280e+00     8.58240e-02     2.75700e+04
    2.79805e+03     1.08600e+00     8.43360e-02     2.71500e+04
    2.79815e+03     1.04468e+00     7.89600e-02     2.61170e+04
    2.79825e+03     1.03368e+00     8.03040e-02     2.58420e+04
    2.79835e+03     9.98520e-01     7.94400e-02     2.49630e+04
    2.79845e+03     9.74160e-01     7.92480e-02     2.43540e+04
    2.79855e+03     9.54400e-01     7.76640e-02     2.38600e+04
    2.79865e+03     9.33640e-01     7.70400e-02     2.33410e+04
    2.79875e+03     9.17880e-01     7.48800e-02     2.29470e+04
    2.79885e+03     9.08920e-01     7.30080e-02     2.27230e+04
    2.79895e+03     8.83680e-01     7.20480e-02     2.20920e+04
    2.79905e+03     8.73560e-01     7.03680e-02     2.18390e+04
    2.79915e+03     8.56640e-01     7.30080e-02     2.14160e+04
    2.79925e+03     8.35960e-01     6.70080e-02     2.08990e+04
    2.79935e+03     8.18000e-01     6.73440e-02     2.04500e+04
    2.79945e+03     8.04080e-01     6.70080e-02     2.01020e+04
    2.79955e+03     7.92200e-01     6.37440e-02     1.98050e+04
    2.79965e+03     7.81240e-01     6.35520e-02     1.95310e+04
    2.79975e+03     7.59800e-01     6.31200e-02     1.89950e+04
    2.79985e+03     7.53920e-01     6.17280e-02     1.88480e+04
    2.79995e+03     7.51080e-01     6.20160e-02     1.87770e+04
    2.80005e+03     7.45680e-01     5.97120e-02     1.86420e+04
    2.80015e+03     7.34480e-01     6.03360e-02     1.83620e+04
    2.80025e+03     7.23800e-01     5.77920e-02     1.80950e+04
    2.80035e+03     7.26520e-01     5.85600e-02     1.81630e+04
    2.80045e+03     7.07000e-01     5.44800e-02     1.76750e+04
    2.80055e+03     7.15720e-01     5.88480e-02     1.78930e+04
    2.80065e+03     7.05720e-01     5.55840e-02     1.76430e+04
    2.80075e+03     6.98760e-01     5.64000e-02     1.74690e+04
    2.80085e+03     6.99600e-01     5.40000e-02     1.74900e+04
    2.80095e+03     6.93920e-01     5.23200e-02     1.73480e+04
    2.80105e+03     7.00840e-01     5.25120e-02     1.75210e+04
    2.80115e+03     6.94240e-01     5.06400e-02     1.73560e+04
    2.80125e+03     6.95040e-01     5.01600e-02     1.73760e+04
    2.80135e+03     6.92240e-01     4.60800e-02     1.73060e+04
    2.80145e+03     7.00200e-01     4.94880e-02     1.75050e+04
    2.80155e+03     7.10120e-01     4.78080e-02     1.77530e+04
    2.80165e+03     7.13200e-01     4.71360e-02     1.78300e+04
    2.80175e+03     7.18680e-01     4.58400e-02     1.79670e+04
    2.80185e+03     7.20000e-01     4.57920e-02     1.80000e+04
    2.80195e+03     7.29720e-01     4.66080e-02     1.82430e+04
    2.80205e+03     7.47160e-01     4.55040e-02     1.86790e+04
    2.80215e+03     7.52520e-01     4.31040e-02     1.88130e+04
    2.80225e+03     7.79480e-01     4.27200e-02     1.94870e+04
    2.80235e+03     7.74000e-01     4.12320e-02     1.93500e+04
    2.80245e+03     8.03440e-01     4.24320e-02     2.00860e+04
    2.80255e+03     8.31080e-01     4.26720e-02     2.07770e+04
    2.80265e+03     8.45600e-01     4.26240e-02     2.11400e+04
    2.80275e+03     8.85120e-01     4.11360e-02     2.21280e+04
    2.80285e+03     9.21560e-01     4.17120e-02     2.30390e+04
    2.80295e+03     9.57040e-01     3.97920e-02     2.39260e+04
    2.80305e+03     1.00688e+00     4.17600e-02     2.51720e+04
    2.80315e+03     1.06184e+00     4.05600e-02     2.65460e+04
    2.80325e+03     1.14436e+00     4.15680e-02     2.86090e+04
    2.80335e+03     1.26540e+00     3.92160e-02     3.16350e+04
    2.80345e+03     1.50612e+00     3.96000e-02     3.76530e+04
    2.80355e+03     2.35200e+00     9.34080e-02     5.88000e+04
    2.80365e+03     2.02896e+00     1.01568e-01     5.07240e+04
    2.80375e+03     1.83576e+00     1.02720e-01     4.58940e+04
    2.80385e+03     1.74972e+00     1.02624e-01     4.37430e+04
    2.80395e+03     1.65904e+00     9.59520e-02     4.14760e+04
    2.80405e+03     1.61372e+00     9.56160e-02     4.03430e+04
    2.80415e+03     1.55608e+00     9.97440e-02     3.89020e+04
    2.80425e+03     1.53684e+00     1.03968e-01     3.84210e+04
    2.80435e+03     1.47732e+00     9.85440e-02     3.69330e+04
    2.80445e+03     1.44904e+00     1.07712e-01     3.62260e+04
    2.80455e+03     1.42748e+00     1.04784e-01     3.56870e+04
    2.80465e+03     1.40396e+00     1.01712e-01     3.50990e+04
    2.80475e+03     1.37988e+00     9.74400e-02     3.44970e+04
    2.80485e+03     1.33184e+00     1.01280e-01     3.32960e+04
    2.80495e+03     1.34256e+00     1.02720e-01     3.35640e+04
    2.80505e+03     1.31972e+00     1.03056e-01     3.29930e+04
    2.80515e+03     1.29224e+00     9.93600e-02     3.23060e+04
    2.80525e+03     1.28180e+00     9.94080e-02     3.20450e+04
    2.80535e+03     1.26472e+00     9.93120e-02     3.16180e+04
    2.80545e+03     1.22932e+00     9.84480e-02     3.07330e+04
    2.80555e+03     1.23104e+00     1.00992e-01     3.07760e+04
    2.80565e+03     1.22116e+00     9.98400e-02     3.05290e+04
    2.80575e+03     1.21648e+00     1.02528e-01     3.04120e+04
    2.80585e+03     1.19404e+00     1.05072e-01     2.98510e+04
    2.80595e+03     1.17276e+00     1.03296e-01     2.93190e+04
    2.80605e+03     1.17800e+00     1.00848e-01     2.94500e+04
    2.80615e+03     1.15432e+00     9.91200e-02     2.88580e+04
    2.80625e+03     1.15884e+00     1.02048e-01     2.89710e+04
    2.80635e+03     1.15404e+00     1.01280e-01     2.88510e+04
    2.80645e+03     1.12904e+00     1.00656e-01     2.82260e+04
    2.80655e+03     1.11732e+00     1.02576e-01     2.79330e+04
    2.80665e+03     1.09924e+00     9.83040e-02     2.74810e+04
    2.80675e+03     1.10916e+00     1.01904e-01     2.77290e+04
    2.80685e+03     1.08784e+00     1.01760e-01     2.71960e+04
    2.80695e+03     1.10752e+00     1.01280e-01     2.76880e+04
    2.80705e+03     1.08248e+00     9.91200e-02     2.70620e+04
    2.80715e+03     1.07556e+00     9.92640e-02     2.68890e+04
    2.80725e+03     1.06844e+00     9.98880e-02     2.67110e+04
    2.80735e+03     1.06324e+00     9.69600e-02     2.65810e+04
    2.80745e+03     1.07296e+00     9.96960e-02     2.68240e+04
    2.80755e+03     1.06484e+00     9.78720e-02     2.66210e+04
    2.80765e+03     1.05260e+00     9.94080e-02     2.63150e+04
    2.80775e+03     1.05120e+00     9.77280e-02     2.62800e+04
    2.80785e+03     1.03780e+00     9.93120e-02     2.59450e+04
    2.80795e+03     1.04816e+00     9.88800e-02     2.62040e+04
    2.80805e+03     1.04276e+00     9.70560e-02     2.60690e+04
    2.80815e+03     1.03624e+00     9.90720e-02     2.59060e+04
    2.80825e+03     1.03516e+00     1.00896e-01     2.58790e+04
    2.80835e+03     1.03580e+00     1.00944e-01     2.58950e+04
    2.80845e+03     1.03004e+00     1.04208e-01     2.57510e+04
    2.80855e+03     1.03396e+00     1.02336e-01     2.58490e+04
    2.80865e+03     1.02784e+00     1.03392e-01     2.56960e+04
    2.80875e+03     1.01624e+00     9.82560e-02     2.54060e+04
    2.80885e+03     1.01656e+00     9.96480e-02     2.54140e+04
    2.80895e+03     1.01156e+00     9.90720e-02     2.52890e+04
    2.80905e+03     1.01404e+00     9.97440e-02     2.53510e+04
    2.80915e+03     1.01052e+00     9.70560e-02     2.52630e+04
    2.80925e+03     1.00596e+00     1.00224e-01     2.51490e+04
    2.80935e+03     1.00864e+00     9.88800e-02     2.52160e+04
    2.80945e+03     9.97840e-01     1.00848e-01     2.49460e+04
    2.80955e+03     1.00032e+00     9.96960e-02     2.50080e+04
    2.80965e+03     1.00484e+00     9.67680e-02     2.51210e+04
    2.80975e+03     1.00836e+00     9.95040e-02     2.52090e+04
    2.80985e+03     9.99280e-01     1.00032e-01     2.49820e+04
    2.80995e+03     1.00788e+00     1.02240e-01     2.51970e+04
    2.81005e+03     9.89240e-01     9.78240e-02     2.47310e+04
    2.81015e+03     9.98080e-01     9.71520e-02     2.49520e+04
    2.81025e+03     9.92040e-01     9.89760e-02     2.48010e+04
    2.81035e+03     9.92360e-01     9.71520e-02     2.48090e+04
    2.81045e+03     1.00584e+00     1.05264e-01     2.51460e+04
    2.81055e+03     9.95760e-01     1.02288e-01     2.48940e+04
    2.81065e+03     1.00544e+00     1.01232e-01     2.51360e+04
    2.81075e+03     9.99760e-01     1.00464e-01     2.49940e+04
    2.81085e+03     9.95440e-01     9.74880e-02     2.48860e+04
    2.81095e+03     1.00340e+00     9.89760e-02     2.50850e+04
    2.81105e+03     1.00596e+00     1.01184e-01     2.51490e+04
    2.81115e+03     9.91920e-01     1.00608e-01     2.47980e+04
    2.81125e+03     9.99800e-01     1.00656e-01     2.49950e+04
    2.81135e+03     9.89560e-01     9.99360e-02     2.47390e+04
    2.81145e+03     1.00092e+00     1.02720e-01     2.50230e+04
    2.81155e+03     9.82920e-01     9.71520e-02     2.45730e+04
    2.81165e+03     9.94880e-01     9.87840e-02     2.48720e+04
    2.81175e+03     1.00524e+00     9.97440e-02     2.51310e+04
    2.81185e+03     9.97600e-01     1.01520e-01     2.49400e+04
    2.81195e+03     1.00532e+00     1.00272e-01     2.51330e+04
    2.81205e+03     1.00484e+00     1.01712e-01     2.51210e+04
    2.81215e+03     1.00016e+00     9.99360e-02     2.50040e+04
    2.81225e+03     9.98880e-01     9.99840e-02     2.49720e+04
    2.81235e+03     9.95400e-01     9.99840e-02     2.48850e+04
    2.81245e+03     9.97840e-01     1.00608e-01     2.49460e+04
    2.81255e+03     9.91760e-01     1.02480e-01     2.47940e+04
    2.81265e+03     1.00508e+00     1.00800e-01     2.51270e+04
    2.81275e+03     9.93000e-01     1.01088e-01     2.48250e+04
    2.81285e+03     9.97640e-01     9.80640e-02     2.49410e+04
    2.81295e+03     9.97640e-01     9.79200e-02     2.49410e+04
    2.81305e+03     1.00612e+00     1.00320e-01     2.51530e+04
    2.81315e+03     1.00828e+00     1.02864e-01     2.52070e+04
    2.81325e+03     9.86960e-01     1.00656e-01     2.46740e+04
    2.81335e+03     1.00464e+00     1.01184e-01     2.51160e+04
    2.81345e+03     9.99280e-01     9.91680e-02     2.49820e+04
    2.81355e+03     1.00264e+00     1.01664e-01     2.50660e+04
    2.81365e+03     1.00660e+00     1.01616e-01     2.51650e+04
    2.81375e+03     9.93720e-01     9.80640e-02     2.48430e+04
    2.81385e+03     1.00716e+00     9.71520e-02     2.51790e+04
    2.81395e+03     1.00616e+00     1.00512e-01     2.51540e+04
    2.81405e+03     9.92080e-01     9.93600e-02     2.48020e+04
    2.81415e+03     1.00116e+00     9.99840e-02     2.50290e+04
    2.81425e+03     1.00640e+00     1.04112e-01     2.51600e+04
    2.81435e+03     1.00096e+00     9.78240e-02     2.50240e+04
    2.81445e+03     1.00524e+00     9.96480e-02     2.51310e+04
    2.81455e+03     1.00544e+00     1.00368e-01     2.51360e+04
    2.81465e+03     9.96080e-01     9.57600e-02     2.49020e+04
    2.81475e+03     1.00340e+00     1.00176e-01     2.50850e+04
    2.81485e+03     1.01032e+00     9.96960e-02     2.52580e+04
    2.81495e+03     1.00128e+00     9.96000e-02     2.50320e+04
    2.81505e+03     1.00860e+00     1.01760e-01     2.52150e+04
    2.81515e+03     9.93560e-01     9.99360e-02     2.48390e+04
    2.81525e+03     9.89320e-01     9.57600e-02     2.47330e+04
    2.81535e+03     9.96960e-01     1.00992e-01     2.49240e+04
    2.81545e+03     9.88800e-01     9.35040e-02     2.47200e+04
    2.81555e+03     9.96760e-01     9.62400e-02     2.49190e+04
    2.81565e+03     1.00344e+00     1.03344e-01     2.50860e+04
    2.81575e+03     9.96440e-01     1.01952e-01     2.49110e+04
    2.81585e+03     1.00544e+00     9.97440e-02     2.51360e+04
    2.81595e+03     1.01004e+00     1.01280e-01     2.52510e+04
    2.81605e+03     1.00408e+00     1.00848e-01     2.51020e+04
    2.81615e+03     9.97720e-01     1.00128e-01     2.49430e+04
    2.81625e+03     9.97080e-01     9.81120e-02     2.49270e+04
    2.81635e+03     9.96720e-01     9.87360e-02     2.49180e+04
    2.81645e+03     9.98240e-01     9.93600e-02     2.49560e+04
    2.81655e+03     1.00168e+00     1.00080e-01     2.50420e+04
    2.81665e+03     9.91360e-01     9.76800e-02     2.47840e+04
    2.81675e+03     9.96280e-01     1.04736e-01     2.49070e+04
    2.81685e+03     1.01092e+00     1.03296e-01     2.52730e+04
    2.81695e+03     9.97080e-01     1.02864e-01     2.49270e+04
    2.81705e+03     1.01056e+00     1.03392e-01     2.52640e+04
    2.81715e+03     9.93560e-01     9.99360e-02     2.48390e+04
    2.81725e+03     9.93520e-01     1.00080e-01     2.48380e+04
    2.81735e+03     1.00212e+00     1.03296e-01     2.50530e+04
    2.81745e+03     1.01108e+00     9.88320e-02     2.52770e+04
    2.81755e+03     9.94840e-01     1.01616e-01     2.48710e+04
    2.81765e+03     1.00200e+00     1.01616e-01     2.50500e+04
    2.81775e+03     1.00780e+00     1.02000e-01     2.51950e+04
    2.81785e+03     9.95840e-01     1.03344e-01     2.48960e+04
    2.81795e+03     9.98320e-01     9.94080e-02     2.49580e+04
    2.81805e+03     1.01092e+00     9.83520e-02     2.52730e+04
    2.81815e+03     1.00480e+00     9.86400e-02     2.51200e+04
    2.81825e+03     9.94400e-01     9.93600e-02     2.48600e+04
    2.81835e+03     1.00592e+00     1.04160e-01     2.51480e+04
    2.81845e+03     9.99720e-01     9.74880e-02     2.49930e+04
    2.81855e+03     9.96880e-01     9.71520e-02     2.49220e+04
    2.81865e+03     9.92520e-01     9.64800e-02     2.48130e+04
    2.81875e+03     1.00296e+00     9.70080e-02     2.50740e+04
    2.81885e+03     9.89600e-01     1.00896e-01     2.47400e+04
    2.81895e+03     9.98800e-01     1.04640e-01     2.49700e+04
    2.81905e+03     9.89800e-01     1.00368e-01     2.47450e+04
    2.81915e+03     1.00480e+00     1.01040e-01     2.51200e+04
    2.81925e+03     1.01356e+00     1.00896e-01     2.53390e+04
    2.81935e+03     1.00196e+00     1.02624e-01     2.50490e+04
    2.81945e+03     1.00960e+00     1.02288e-01     2.52400e+04
    2.81955e+03     9.91600e-01     9.94560e-02     2.47900e+04
    2.81965e+03     1.00616e+00     9.99360e-02     2.51540e+04
    2.81975e+03     1.00084e+00     9.55200e-02     2.50210e+04
    2.81985e+03     1.00312e+00     9.80160e-02     2.50780e+04
    2.81995e+03     9.95120e-01     9.73440e-02     2.48780e+04
