    2.57505e+03     1.00380e+00     1.02720e-01     3.34600e+03
    2.57515e+03     9.90300e-01     9.81600e-02     3.30100e+03
    2.57525e+03     9.95100e-01     9.60000e-02     3.31700e+03
    2.57535e+03     9.63600e-01     9.61200e-02     3.21200e+03
    2.57545e+03     9.93000e-01     1.02720e-01     3.31000e+03
    2.57555e+03     9.89100e-01     1.01520e-01     3.29700e+03
    2.57565e+03     1.01040e+00     1.04160e-01     3.36800e+03
    2.57575e+03     1.02300e+00     9.87600e-02     3.41000e+03
    2.57585e+03     9.73800e-01     9.81600e-02     3.24600e+03
    2.57595e+03     1.04640e+00     1.03440e-01     3.48800e+03
    2.57605e+03     1.00920e+00     9.88800e-02     3.36400e+03
    2.57615e+03     9.96300e-01     9.69600e-02     3.32100e+03
    2.57625e+03     9.98700e-01     1.03080e-01     3.32900e+03
    2.57635e+03     9.81300e-01     1.02120e-01     3.27100e+03
    2.57645e+03     9.98700e-01     9.76800e-02     3.32900e+03
    2.57655e+03     9.94500e-01     9.80400e-02     3.31500e+03
    2.57665e+03     9.93300e-01     9.72000e-02     3.31100e+03
    2.57675e+03     1.02240e+00     9.91200e-02     3.40800e+03
    2.57685e+03     1.00110e+00     1.02120e-01     3.33700e+03
    2.57695e+03     9.82500e-01     1.02600e-01     3.27500e+03
    2.57705e+03     9.90000e-01     1.00440e-01     3.30000e+03
    2.57715e+03     1.01430e+00     1.00320e-01     3.38100e+03
    2.57725e+03     9.83700e-01     9.80400e-02     3.27900e+03
    2.57735e+03     9.90900e-01     9.44400e-02     3.30300e+03
    2.57745e+03     9.99000e-01     9.76800e-02     3.33000e+03
    2.57755e+03     1.00170e+00     9.72000e-02     3.33900e+03
    2.57765e+03     9.99300e-01     9.63600e-02     3.33100e+03
    2.57775e+03     9.95700e-01     1.04520e-01     3.31900e+03
    2.57785e+03     9.96300e-01     1.05840e-01     3.32100e+03
    2.57795e+03     1.01100e+00     9.44400e-02     3.37000e+03
    2.57805e+03     9.90600e-01     9.50400e-02     3.30200e+03
    2.57815e+03     1.00740e+00     9.63600e-02     3.35800e+03
    2.57825e+03     1.05120e+00     9.82800e-02     3.50400e+03
    2.57835e+03     1.00680e+00     1.01400e-01     3.35600e+03
    2.57845e+03     9.70200e-01     9.43200e-02     3.23400e+03
    2.57855e+03     9.70500e-01     9.67200e-02     3.23500e+03
    2.57865e+03     1.01220e+00     1.00200e-01     3.37400e+03
    2.57875e+03     9.95100e-01     9.90000e-02     3.31700e+03
    2.57885e+03     1.00950e+00     1.06800e-01     3.36500e+03
    2.57895e+03     1.02720e+00     1.01160e-01     3.42400e+03
    2.57905e+03     1.00740e+00     1.07760e-01     3.35800e+03
    2.57915e+03     1.01940e+00     1.02240e-01     3.39800e+03
    2.57925e+03     9.80700e-01     9.57600e-02     3.26900e+03
    2.57935e+03     1.00050e+00     1.08360e-01     3.33500e+03
    2.57945e+03     1.01010e+00     1.03800e-01     3.36700e+03
    2.57955e+03     9.83400e-01     9.28800e-02     3.27800e+03
    2.57965e+03     1.00140e+00     9.98400e-02     3.33800e+03
    2.57975e+03     9.89400e-01     1.01640e-01     3.29800e+03
    2.57985e+03     1.02540e+00     1.01880e-01     3.41800e+03
    2.57995e+03     9.78000e-01     9.09600e-02     3.26000e+03
    2.58005e+03     9.88500e-01     9.75600e-02     3.29500e+03
    2.58015e+03     9.94800e-01     1.01640e-01     3.31600e+03
    2.58025e+03     9.99900e-01     1.04040e-01     3.33300e+03
    2.58035e+03     9.75000e-01     9.61200e-02     3.25000e+03
    2.58045e+03     9.94500e-01     1.04760e-01     3.31500e+03
    2.58055e+03     9.94800e-01     1.01760e-01     3.31600e+03
    2.58065e+03     9.61500e-01     9.70800e-02     3.20500e+03
    2.58075e+03     9.47400e-01     8.92800e-02     3.15800e+03
    2.58085e+03     9.18000e-01     8.86800e-02     3.06000e+03
    2.58095e+03     9.05700e-01     9.68400e-02     3.01900e+03
    2.58105e+03     9.01800e-01     9.10800e-02     3.00600e+03
    2.58115e+03     8.69700e-01     8.95200e-02     2.89900e+03
    2.58125e+03     8.63400e-01     8.95200e-02     2.87800e+03
    2.58135e+03     8.55300e-01     7.92000e-02     2.85100e+03
    2.58145e+03     8.38500e-01     8.67600e-02     2.79500e+03
    2.58155e+03     8.25000e-01     8.16000e-02     2.75000e+03
    2.58165e+03     8.30700e-01     8.11200e-02     2.76900e+03
    2.58175e+03     8.30700e-01     8.35200e-02     2.76900e+03
    2.58185e+03     7.92900e-01     7.83600e-02     2.64300e+03
    2.58195e+03     7.90500e-01     8.05200e-02     2.63500e+03
    2.58205e+03     7.78200e-01     7.42800e-02     2.59400e+03
    2.58215e+03     7.90500e-01     7.46400e-02     2.63500e+03
    2.58225e+03     7.58400e-01     7.52400e-02     2.52800e+03
    2.58235e+03     7.72800e-01     8.01600e-02     2.57600e+03
    2.58245e+03     7.03200e-01     6.93600e-02     2.34400e+03
    2.58255e+03     7.00800e-01     7.21200e-02     2.33600e+03
    2.58265e+03     7.11600e-01     6.96000e-02     2.37200e+03
    2.58275e+03     6.88200e-01     6.86400e-02     2.29400e+03
    2.58285e+03     6.72600e-01     6.90000e-02     2.24200e+03
    2.58295e+03     6.91800e-01     7.05600e-02     2.30600e+03
    2.58305e+03     6.61800e-01     6.69600e-02     2.20600e+03
    2.58315e+03     6.50400e-01     6.45600e-02     2.16800e+03
    2.58325e+03     6.54600e-01     5.98800e-02     2.18200e+03
    2.58335e+03     6.31500e-01     6.01200e-02     2.10500e+03
    2.58345e+03     6.34500e-01     5.58000e-02     2.11500e+03
    2.58355e+03     6.00000e-01     5.78400e-02     2.00000e+03
    2.58365e+03     6.45600e-01     6.50400e-02     2.15200e+03
    2.58375e+03     5.93400e-01     5.34000e-02     1.97800e+03
    2.58385e+03     5.87400e-01     5.50800e-02     1.95800e+03
    2.58395e+03     5.58600e-01     5.38800e-02     1.86200e+03
    2.58405e+03     5.68800e-01     5.29200e-02     1.89600e+03
    2.58415e+03     5.63100e-01     5.24400e-02     1.87700e+03
    2.58425e+03     5.64300e-01     5.26800e-02     1.88100e+03
    2.58435e+03     5.46000e-01     4.65600e-02     1.82000e+03
    2.58445e+03     5.27400e-01     4.93200e-02     1.75800e+03
    2.58455e+03     5.42100e-01     5.26800e-02     1.80700e+03
    2.58465e+03     5.34300e-01     5.24400e-02     1.78100e+03
    2.58475e+03     5.36100e-01     5.22000e-02     1.78700e+03
    2.58485e+03     5.14500e-01     5.04000e-02     1.71500e+03
    2.58495e+03     4.97400e-01     4.64400e-02     1.65800e+03
    2.58505e+03     5.22900e-01     4.87200e-02     1.74300e+03
    2.58515e+03     5.14500e-01     4.03200e-02     1.71500e+03
    2.58525e+03     4.82100e-01     4.17600e-02     1.60700e+03
    2.58535e+03     4.75200e-01     4.69200e-02     1.58400e+03
    2.58545e+03     4.98300e-01     4.21200e-02     1.66100e+03
    2.58555e+03     5.00400e-01     4.68000e-02     1.66800e+03
    2.58565e+03     4.81500e-01     4.05600e-02     1.60500e+03
    2.58575e+03     4.91400e-01     3.62400e-02     1.63800e+03
    2.58585e+03     4.93500e-01     3.97200e-02     1.64500e+03
    2.58595e+03     5.04900e-01     4.40400e-02     1.68300e+03
    2.58605e+03     5.01600e-01     4.00800e-02     1.67200e+03
    2.58615e+03     5.25300e-01     4.03200e-02     1.75100e+03
    2.58625e+03     5.31000e-01     4.04400e-02     1.77000e+03
    2.58635e+03     5.41800e-01     3.68400e-02     1.80600e+03
    2.58645e+03     5.72100e-01     4.47600e-02     1.90700e+03
    2.58655e+03     6.01200e-01     4.11600e-02     2.00400e+03
    2.58665e+03     8.17500e-01     5.23200e-02     2.72500e+03
    2.58675e+03     1.20330e+00     1.00560e-01     4.01100e+03
    2.58685e+03     1.12680e+00     1.03320e-01     3.75600e+03
    2.58695e+03     1.14000e+00     1.01640e-01     3.80000e+03
    2.58705e+03     1.14960e+00     9.93600e-02     3.83200e+03
    2.58715e+03     1.12620e+00     1.01640e-01     3.75400e+03
    2.58725e+03     1.09020e+00     9.91200e-02     3.63400e+03
    2.58735e+03     1.10100e+00     9.75600e-02     3.67000e+03
    2.58745e+03     1.05480e+00     9.72000e-02     3.51600e+03
    2.58755e+03     1.11480e+00     1.04640e-01     3.71600e+03
    2.58765e+03     1.08930e+00     1.03920e-01     3.63100e+03
    2.58775e+03     1.07130e+00     9.40800e-02     3.57100e+03
    2.58785e+03     1.07280e+00     9.87600e-02     3.57600e+03
    2.58795e+03     1.07340e+00     1.01280e-01     3.57800e+03
    2.58805e+03     1.07340e+00     9.69600e-02     3.57800e+03
    2.58815e+03     1.07790e+00     1.04760e-01     3.59300e+03
    2.58825e+03     1.06830e+00     9.73200e-02     3.56100e+03
    2.58835e+03     1.05150e+00     1.04160e-01     3.50500e+03
    2.58845e+03     1.04340e+00     1.00200e-01     3.47800e+03
    2.58855e+03     1.02240e+00     8.83200e-02     3.40800e+03
    2.58865e+03     1.06470e+00     1.01040e-01     3.54900e+03
    2.58875e+03     1.07130e+00     1.05480e-01     3.57100e+03
    2.58885e+03     1.03800e+00     1.02600e-01     3.46000e+03
    2.58895e+03     1.04790e+00     1.02960e-01     3.49300e+03
    2.58905e+03     1.02630e+00     9.76800e-02     3.42100e+03
    2.58915e+03     1.05180e+00     1.04400e-01     3.50600e+03
    2.58925e+03     1.04220e+00     9.48000e-02     3.47400e+03
    2.58935e+03     1.03080e+00     1.07160e-01     3.43600e+03
    2.58945e+03     1.02690e+00     9.58800e-02     3.42300e+03
    2.58955e+03     1.04220e+00     9.98400e-02     3.47400e+03
    2.58965e+03     9.99600e-01     9.76800e-02     3.33200e+03
    2.58975e+03     1.03320e+00     9.68400e-02     3.44400e+03
    2.58985e+03     1.02090e+00     1.02480e-01     3.40300e+03
    2.58995e+03     1.01160e+00     9.54000e-02     3.37200e+03
    2.59005e+03     1.00230e+00     1.01400e-01     3.34100e+03
    2.59015e+03     9.98400e-01     9.27600e-02     3.32800e+03
    2.59025e+03     1.00710e+00     9.73200e-02     3.35700e+03
    2.59035e+03     1.00920e+00     9.84000e-02     3.36400e+03
    2.59045e+03     1.01640e+00     1.01280e-01     3.38800e+03
    2.59055e+03     1.01070e+00     9.90000e-02     3.36900e+03
    2.59065e+03     1.02120e+00     1.01640e-01     3.40400e+03
    2.59075e+03     1.01070e+00     9.76800e-02     3.36900e+03
    2.59085e+03     9.84000e-01     9.91200e-02     3.28000e+03
    2.59095e+03     1.02390e+00     9.63600e-02     3.41300e+03
    2.59105e+03     1.00290e+00     1.02600e-01     3.34300e+03
    2.59115e+03     1.00830e+00     9.97200e-02     3.36100e+03
    2.59125e+03     1.02210e+00     9.99600e-02     3.40700e+03
    2.59135e+03     1.00020e+00     9.74400e-02     3.33400e+03
    2.59145e+03     9.98400e-01     1.02720e-01     3.32800e+03
    2.59155e+03     1.01790e+00     1.06080e-01     3.39300e+03
    2.59165e+03     1.02930e+00     1.07400e-01     3.43100e+03
    2.59175e+03     1.00080e+00     9.94800e-02     3.33600e+03
    2.59185e+03     1.02270e+00     9.98400e-02     3.40900e+03
    2.59195e+03     9.95400e-01     9.57600e-02     3.31800e+03
    2.59205e+03     1.01220e+00     9.76800e-02     3.37400e+03
    2.59215e+03     9.97500e-01     1.05120e-01     3.32500e+03
    2.59225e+03     1.03710e+00     1.03320e-01     3.45700e+03
    2.59235e+03     9.97200e-01     9.70800e-02     3.32400e+03
    2.59245e+03     9.97500e-01     9.82800e-02     3.32500e+03
    2.59255e+03     9.73800e-01     9.13200e-02     3.24600e+03
    2.59265e+03     1.01280e+00     1.01640e-01     3.37600e+03
    2.59275e+03     1.02600e+00     1.06920e-01     3.42000e+03
    2.59285e+03     9.70200e-01     9.93600e-02     3.23400e+03
    2.59295e+03     1.00890e+00     1.08840e-01     3.36300e+03
    2.59305e+03     9.67800e-01     9.92400e-02     3.22600e+03
    2.59315e+03     1.02090e+00     1.05600e-01     3.40300e+03
    2.59325e+03     1.01640e+00     1.08840e-01     3.38800e+03
    2.59335e+03     1.01190e+00     1.02360e-01     3.37300e+03
    2.59345e+03     1.03230e+00     1.06440e-01     3.44100e+03
    2.59355e+03     1.02030e+00     1.04280e-01     3.40100e+03
    2.59365e+03     9.82500e-01     9.66000e-02     3.27500e+03
    2.59375e+03     1.01340e+00     1.00200e-01     3.37800e+03
    2.59385e+03     9.79200e-01     9.85200e-02     3.26400e+03
    2.59395e+03     9.98400e-01     9.52800e-02     3.32800e+03
    2.59405e+03     1.03050e+00     1.06680e-01     3.43500e+03
    2.59415e+03     9.59100e-01     9.94800e-02     3.19700e+03
    2.59425e+03     9.72900e-01     9.68400e-02     3.24300e+03
    2.59435e+03     9.13200e-01     8.96400e-02     3.04400e+03
    2.59445e+03     8.90400e-01     8.73600e-02     2.96800e+03
    2.59455e+03     8.90100e-01     9.02400e-02     2.96700e+03
    2.59465e+03     8.87100e-01     8.96400e-02     2.95700e+03
    2.59475e+03     8.74200e-01     9.01200e-02     2.91400e+03
    2.59485e+03     8.49600e-01     8.72400e-02     2.83200e+03
    2.59495e+03     8.39700e-01     8.67600e-02     2.79900e+03
    2.59505e+03     9.09300e-01     8.49600e-02     3.03100e+03
    2.59515e+03     8.33100e-01     8.19600e-02     2.77700e+03
    2.59525e+03     8.01900e-01     7.66800e-02     2.67300e+03
    2.59535e+03     8.53500e-01     8.29200e-02     2.84500e+03
    2.59545e+03     8.08800e-01     7.48800e-02     2.69600e+03
    2.59555e+03     7.58100e-01     7.66800e-02     2.52700e+03
    2.59565e+03     7.69200e-01     7.63200e-02     2.56400e+03
    2.59575e+03     7.76700e-01     7.84800e-02     2.58900e+03
    2.59585e+03     7.38900e-01     6.88800e-02     2.46300e+03
    2.59595e+03     7.45500e-01     7.86000e-02     2.48500e+03
    2.59605e+03     7.19400e-01     7.09200e-02     2.39800e+03
    2.59615e+03     7.29000e-01     6.93600e-02     2.43000e+03
    2.59625e+03     7.30200e-01     7.14000e-02     2.43400e+03
    2.59635e+03     7.30800e-01     6.73200e-02     2.43600e+03
    2.59645e+03     6.90900e-01     6.74400e-02     2.30300e+03
    2.59655e+03     6.96300e-01     6.50400e-02     2.32100e+03
    2.59665e+03     6.54300e-01     6.08400e-02     2.18100e+03
    2.59675e+03     6.67200e-01     6.18000e-02     2.22400e+03
    2.59685e+03     6.69600e-01     6.16800e-02     2.23200e+03
    2.59695e+03     6.46800e-01     5.72400e-02     2.15600e+03
    2.59705e+03     6.26700e-01     5.13600e-02     2.08900e+03
    2.59715e+03     6.52200e-01     5.70000e-02     2.17400e+03
    2.59725e+03     6.63600e-01     5.90400e-02     2.21200e+03
    2.59735e+03     6.70200e-01     5.72400e-02     2.23400e+03
    2.59745e+03     6.38100e-01     5.26800e-02     2.12700e+03
    2.59755e+03     6.38700e-01     5.59200e-02     2.12900e+03
    2.59765e+03     6.21900e-01     5.49600e-02     2.07300e+03
    2.59775e+03     6.35700e-01     5.56800e-02     2.11900e+03
    2.59785e+03     6.26100e-01     5.37600e-02     2.08700e+03
    2.59795e+03     6.44400e-01     5.30400e-02     2.14800e+03
    2.59805e+03     6.06300e-01     5.04000e-02     2.02100e+03
    2.59815e+03     6.42000e-01     5.01600e-02     2.14000e+03
    2.59825e+03     6.15000e-01     4.32000e-02     2.05000e+03
    2.59835e+03     6.48600e-01     4.63200e-02     2.16200e+03
    2.59845e+03     6.43500e-01     4.41600e-02     2.14500e+03
    2.59855e+03     6.53400e-01     4.68000e-02     2.17800e+03
    2.59865e+03     6.12600e-01     4.29600e-02     2.04200e+03
    2.59875e+03     6.66600e-01     4.58400e-02     2.22200e+03
    2.59885e+03     6.78600e-01     4.06800e-02     2.26200e+03
    2.59895e+03     6.96300e-01     3.99600e-02     2.32100e+03
    2.59905e+03     6.71100e-01     4.03200e-02     2.23700e+03
    2.59915e+03     7.05600e-01     4.03200e-02     2.35200e+03
    2.59925e+03     7.25700e-01     4.06800e-02     2.41900e+03
    2.59935e+03     7.60800e-01     4.34400e-02     2.53600e+03
    2.59945e+03     7.51800e-01     3.80400e-02     2.50600e+03
    2.59955e+03     8.01900e-01     4.14000e-02     2.67300e+03
    2.59965e+03     8.17800e-01     3.91200e-02     2.72600e+03
    2.59975e+03     8.74500e-01     3.93600e-02     2.91500e+03
    2.59985e+03     9.27900e-01     4.06800e-02     3.09300e+03
    2.59995e+03     1.02390e+00     4.24800e-02     3.41300e+03
    2.60005e+03     1.16400e+00     3.86400e-02     3.88000e+03
    2.60015e+03     1.64760e+00     4.64400e-02     5.49200e+03
    2.60025e+03     1.92660e+00     9.67200e-02     6.42200e+03
    2.60035e+03     1.71150e+00     9.56400e-02     5.70500e+03
    2.60045e+03     1.59000e+00     1.00800e-01     5.30000e+03
    2.60055e+03     1.53120e+00     1.01400e-01     5.10400e+03
    2.60065e+03     1.44750e+00     9.75600e-02     4.82500e+03
    2.60075e+03     1.45110e+00     1.01280e-01     4.83700e+03
    2.60085e+03     1.38870e+00     1.01400e-01     4.62900e+03
    2.60095e+03     1.34940e+00     9.88800e-02     4.49800e+03
    2.60105e+03     1.30890e+00     1.00680e-01     4.36300e+03
    2.60115e+03     1.30770e+00     9.92400e-02     4.35900e+03
    2.60125e+03     1.33560e+00     1.05360e-01     4.45200e+03
    2.60135e+03     1.28820e+00     1.01040e-01     4.29400e+03
    2.60145e+03     1.25160e+00     1.02480e-01     4.17200e+03
    2.60155e+03     1.27380e+00     1.05840e-01     4.24600e+03
    2.60165e+03     1.23150e+00     9.58800e-02     4.10500e+03
    2.60175e+03     1.24020e+00     9.94800e-02     4.13400e+03
    2.60185e+03     1.20780e+00     1.03440e-01     4.02600e+03
    2.60195e+03     1.18080e+00     9.72000e-02     3.93600e+03
    2.60205e+03     1.20840e+00     1.01520e-01     4.02800e+03
    2.60215e+03     1.16670e+00     9.49200e-02     3.88900e+03
    2.60225e+03     1.17030e+00     9.84000e-02     3.90100e+03
    2.60235e+03     1.14210e+00     1.00680e-01     3.80700e+03
    2.60245e+03     1.10730e+00     8.77200e-02     3.69100e+03
    2.60255e+03     1.11990e+00     1.05840e-01     3.73300e+03
    2.60265e+03     1.12050e+00     1.03440e-01     3.73500e+03
    2.60275e+03     1.11300e+00     1.03800e-01     3.71000e+03
    2.60285e+03     1.10970e+00     9.80400e-02     3.69900e+03
    2.60295e+03     1.10640e+00     9.70800e-02     3.68800e+03
    2.60305e+03     1.08450e+00     9.74400e-02     3.61500e+03
    2.60315e+03     1.09350e+00     9.90000e-02     3.64500e+03
    2.60325e+03     1.06590e+00     1.00080e-01     3.55300e+03
    2.60335e+03     1.05330e+00     9.73200e-02     3.51100e+03
    2.60345e+03     1.09230e+00     1.00920e-01     3.64100e+03
    2.60355e+03     1.06110e+00     1.01040e-01     3.53700e+03
    2.60365e+03     1.08690e+00     1.06080e-01     3.62300e+03
    2.60375e+03     1.03290e+00     9.64800e-02     3.44300e+03
    2.60385e+03     1.06740e+00     1.08240e-01     3.55800e+03
    2.60395e+03     1.06650e+00     1.06320e-01     3.55500e+03
    2.60405e+03     1.03260e+00     1.00200e-01     3.44200e+03
    2.60415e+03     1.01550e+00     1.05600e-01     3.38500e+03
    2.60425e+03     1.06590e+00     1.04520e-01     3.55300e+03
    2.60435e+03     1.02870e+00     9.50400e-02     3.42900e+03
    2.60445e+03     1.03860e+00     1.05840e-01     3.46200e+03
    2.60455e+03     1.04640e+00     1.02000e-01     3.48800e+03
    2.60465e+03     1.02570e+00     1.00080e-01     3.41900e+03
    2.60475e+03     1.00470e+00     9.46800e-02     3.34900e+03
    2.60485e+03     1.00650e+00     1.00680e-01     3.35500e+03
    2.60495e+03     1.02150e+00     9.84000e-02     3.40500e+03
    2.60505e+03     1.01940e+00     1.05360e-01     3.39800e+03
    2.60515e+03     1.02330e+00     1.04520e-01     3.41100e+03
    2.60525e+03     1.02240e+00     9.28800e-02     3.40800e+03
    2.60535e+03     1.01580e+00     9.93600e-02     3.38600e+03
    2.60545e+03     9.94200e-01     1.03920e-01     3.31400e+03
    2.60555e+03     9.93300e-01     1.01760e-01     3.31100e+03
    2.60565e+03     1.02420e+00     1.01400e-01     3.41400e+03
    2.60575e+03     9.99300e-01     9.87600e-02     3.33100e+03
    2.60585e+03     1.03830e+00     1.06320e-01     3.46100e+03
    2.60595e+03     1.00590e+00     1.06320e-01     3.35300e+03
    2.60605e+03     9.88800e-01     1.02840e-01     3.29600e+03
    2.60615e+03     1.01580e+00     1.04040e-01     3.38600e+03
    2.60625e+03     1.00770e+00     9.98400e-02     3.35900e+03
    2.60635e+03     9.99000e-01     9.54000e-02     3.33000e+03
    2.60645e+03     1.01400e+00     1.02480e-01     3.38000e+03
    2.60655e+03     1.00800e+00     1.00680e-01     3.36000e+03
    2.60665e+03     1.00020e+00     1.07040e-01     3.33400e+03
    2.60675e+03     9.85800e-01     9.61200e-02     3.28600e+03
    2.60685e+03     9.94500e-01     1.02600e-01     3.31500e+03
    2.60695e+03     1.03140e+00     1.02480e-01     3.43800e+03
    2.60705e+03     9.93900e-01     9.39600e-02     3.31300e+03
    2.60715e+03     9.86100e-01     9.63600e-02     3.28700e+03
    2.60725e+03     1.01700e+00     9.66000e-02     3.39000e+03
    2.60735e+03     9.84300e-01     1.05000e-01     3.28100e+03
    2.60745e+03     1.00140e+00     9.50400e-02     3.33800e+03
    2.60755e+03     9.98400e-01     9.90000e-02     3.32800e+03
    2.60765e+03     1.01400e+00     1.02840e-01     3.38000e+03
    2.60775e+03     9.99000e-01     9.33600e-02     3.33000e+03
    2.60785e+03     9.74700e-01     9.37200e-02     3.24900e+03
    2.60795e+03     9.99000e-01     9.75600e-02     3.33000e+03
    2.60805e+03     1.03770e+00     9.73200e-02     3.45900e+03
    2.60815e+03     1.03530e+00     1.05360e-01     3.45100e+03
    2.60825e+03     1.02630e+00     9.81600e-02     3.42100e+03
    2.60835e+03     1.00050e+00     9.73200e-02     3.33500e+03
    2.60845e+03     1.01640e+00     1.03800e-01     3.38800e+03
    2.60855e+03     1.00230e+00     1.02960e-01     3.34100e+03
    2.60865e+03     1.01610e+00     9.91200e-02     3.38700e+03
    2.60875e+03     1.02480e+00     9.63600e-02     3.41600e+03
    2.60885e+03     1.02360e+00     1.06080e-01     3.41200e+03
    2.60895e+03     1.01580e+00     9.39600e-02     3.38600e+03
    2.60905e+03     1.03650e+00     1.00680e-01     3.45500e+03
    2.60915e+03     1.02870e+00     9.58800e-02     3.42900e+03
    2.60925e+03     1.02870e+00     1.00800e-01     3.42900e+03
    2.60935e+03     1.08390e+00     1.00920e-01     3.61300e+03
    2.60945e+03     1.04250e+00     9.82800e-02     3.47500e+03
    2.60955e+03     1.03260e+00     1.00680e-01     3.44200e+03
    2.60965e+03     1.04040e+00     9.34800e-02     3.46800e+03
    2.60975e+03     1.05420e+00     9.70800e-02     3.51400e+03
    2.60985e+03     1.08210e+00     1.06800e-01     3.60700e+03
    2.60995e+03     1.06530e+00     9.78000e-02     3.55100e+03
    2.61005e+03     1.07490e+00     1.00080e-01     3.58300e+03
    2.61015e+03     1.09530e+00     9.73200e-02     3.65100e+03
    2.61025e+03     1.08900e+00     1.04760e-01     3.63000e+03
    2.61035e+03     1.11450e+00     1.02720e-01     3.71500e+03
    2.61045e+03     1.08480e+00     9.72000e-02     3.61600e+03
    2.61055e+03     1.08930e+00     9.97200e-02     3.63100e+03
    2.61065e+03     1.09110e+00     1.05120e-01     3.63700e+03
    2.61075e+03     1.09830e+00     9.79200e-02     3.66100e+03
    2.61085e+03     1.10490e+00     1.03440e-01     3.68300e+03
    2.61095e+03     1.12170e+00     1.05000e-01     3.73900e+03
    2.61105e+03     1.13430e+00     9.85200e-02     3.78100e+03
    2.61115e+03     1.14180e+00     9.92400e-02     3.80600e+03
    2.61125e+03     1.15290e+00     1.04880e-01     3.84300e+03
    2.61135e+03     1.14420e+00     9.68400e-02     3.81400e+03
    2.61145e+03     1.15470e+00     9.63600e-02     3.84900e+03
    2.61155e+03     1.19520e+00     1.00680e-01     3.98400e+03
    2.61165e+03     1.19220e+00     9.69600e-02     3.97400e+03
    2.61175e+03     1.22880e+00     9.50400e-02     4.09600e+03
    2.61185e+03     1.22880e+00     1.05720e-01     4.09600e+03
    2.61195e+03     1.23240e+00     9.64800e-02     4.10800e+03
    2.61205e+03     1.28130e+00     1.01040e-01     4.27100e+03
    2.61215e+03     1.32060e+00     1.02480e-01     4.40200e+03
    2.61225e+03     1.32090e+00     9.69600e-02     4.40300e+03
    2.61235e+03     1.41150e+00     1.08600e-01     4.70500e+03
    2.61245e+03     1.43250e+00     9.92400e-02     4.77500e+03
    2.61255e+03     1.57050e+00     9.93600e-02     5.23500e+03
    2.61265e+03     2.01210e+00     1.05120e-01     6.70700e+03
    2.61275e+03     1.56240e+00     9.62400e-02     5.20800e+03
    2.61285e+03     1.43970e+00     1.01280e-01     4.79900e+03
    2.61295e+03     1.38510e+00     1.01880e-01     4.61700e+03
    2.61305e+03     1.34190e+00     1.01640e-01     4.47300e+03
    2.61315e+03     1.29210e+00     9.96000e-02     4.30700e+03
    2.61325e+03     1.25820e+00     1.01160e-01     4.19400e+03
    2.61335e+03     1.24770e+00     1.01280e-01     4.15900e+03
    2.61345e+03     1.21260e+00     9.79200e-02     4.04200e+03
    2.61355e+03     1.22040e+00     1.02240e-01     4.06800e+03
    2.61365e+03     1.19160e+00     1.02000e-01     3.97200e+03
    2.61375e+03     1.16820e+00     9.91200e-02     3.89400e+03
    2.61385e+03     1.20300e+00     1.04400e-01     4.01000e+03
    2.61395e+03     1.16070e+00     1.01880e-01     3.86900e+03
    2.61405e+03     1.14870e+00     9.57600e-02     3.82900e+03
    2.61415e+03     1.12980e+00     9.72000e-02     3.76600e+03
    2.61425e+03     1.14390e+00     1.02360e-01     3.81300e+03
    2.61435e+03     1.14300e+00     1.05720e-01     3.81000e+03
    2.61445e+03     1.11600e+00     9.85200e-02     3.72000e+03
    2.61455e+03     1.08240e+00     9.64800e-02     3.60800e+03
    2.61465e+03     1.10580e+00     9.81600e-02     3.68600e+03
    2.61475e+03     1.08900e+00     1.04040e-01     3.63000e+03
    2.61485e+03     1.06500e+00     9.32400e-02     3.55000e+03
    2.61495e+03     1.10220e+00     1.05960e-01     3.67400e+03
    2.61505e+03     1.09050e+00     1.01040e-01     3.63500e+03
    2.61515e+03     1.05210e+00     9.84000e-02     3.50700e+03
    2.61525e+03     1.08600e+00     1.00800e-01     3.62000e+03
    2.61535e+03     1.08270e+00     1.00920e-01     3.60900e+03
    2.61545e+03     1.04820e+00     9.79200e-02     3.49400e+03
    2.61555e+03     1.02870e+00     1.00080e-01     3.42900e+03
    2.61565e+03     1.08750e+00     1.07040e-01     3.62500e+03
    2.61575e+03     1.05900e+00     9.96000e-02     3.53000e+03
    2.61585e+03     1.00140e+00     9.92400e-02     3.33800e+03
    2.61595e+03     1.03350e+00     1.02840e-01     3.44500e+03
    2.61605e+03     1.04010e+00     9.93600e-02     3.46700e+03
    2.61615e+03     1.05510e+00     1.01640e-01     3.51700e+03
    2.61625e+03     1.01010e+00     1.06440e-01     3.36700e+03
    2.61635e+03     1.00410e+00     9.98400e-02     3.34700e+03
    2.61645e+03     1.02510e+00     1.01040e-01     3.41700e+03
    2.61655e+03     1.01700e+00     1.02480e-01     3.39000e+03
    2.61665e+03     1.02810e+00     9.92400e-02     3.42700e+03
    2.61675e+03     1.01280e+00     9.81600e-02     3.37600e+03
    2.61685e+03     1.01820e+00     1.02000e-01     3.39400e+03
    2.61695e+03     9.80700e-01     1.00920e-01     3.26900e+03
    2.61705e+03     9.96600e-01     9.74400e-02     3.32200e+03
    2.61715e+03     1.02510e+00     9.97200e-02     3.41700e+03
    2.61725e+03     1.02660e+00     1.02360e-01     3.42200e+03
    2.61735e+03     1.03140e+00     1.02960e-01     3.43800e+03
    2.61745e+03     9.87300e-01     9.98400e-02     3.29100e+03
    2.61755e+03     1.00560e+00     9.58800e-02     3.35200e+03
    2.61765e+03     1.02240e+00     1.04040e-01     3.40800e+03
    2.61775e+03     9.99600e-01     1.02720e-01     3.33200e+03
    2.61785e+03     9.80700e-01     9.96000e-02     3.26900e+03
    2.61795e+03     1.00350e+00     9.85200e-02     3.34500e+03
    2.61805e+03     1.01850e+00     1.04280e-01     3.39500e+03
    2.61815e+03     9.95700e-01     1.06080e-01     3.31900e+03
    2.61825e+03     9.95100e-01     9.72000e-02     3.31700e+03
    2.61835e+03     1.03020e+00     1.06320e-01     3.43400e+03
    2.61845e+03     9.76800e-01     9.80400e-02     3.25600e+03
    2.61855e+03     9.99900e-01     9.87600e-02     3.33300e+03
    2.61865e+03     9.91200e-01     9.51600e-02     3.30400e+03
    2.61875e+03     1.00020e+00     9.50400e-02     3.33400e+03
    2.61885e+03     1.00290e+00     9.79200e-02     3.34300e+03
    2.61895e+03     9.73800e-01     9.91200e-02     3.24600e+03
    2.61905e+03     1.00410e+00     1.02600e-01     3.34700e+03
    2.61915e+03     1.00170e+00     9.85200e-02     3.33900e+03
    2.61925e+03     9.77700e-01     1.00560e-01     3.25900e+03
    2.61935e+03     9.95100e-01     9.69600e-02     3.31700e+03
    2.61945e+03     9.94500e-01     9.88800e-02     3.31500e+03
    2.61955e+03     1.00830e+00     1.03680e-01     3.36100e+03
    2.61965e+03     9.82200e-01     1.00680e-01     3.27400e+03
    2.61975e+03     1.01580e+00     9.63600e-02     3.38600e+03
    2.61985e+03     1.03500e+00     1.03200e-01     3.45000e+03
    2.61995e+03     9.96600e-01     1.04400e-01     3.32200e+03
    2.62005e+03     9.79200e-01     1.02360e-01     3.26400e+03
    2.62015e+03     1.01190e+00     9.88800e-02     3.37300e+03
    2.62025e+03     9.75300e-01     9.67200e-02     3.25100e+03
    2.62035e+03     9.81600e-01     1.02000e-01     3.27200e+03
    2.62045e+03     9.86400e-01     9.31200e-02     3.28800e+03
    2.62055e+03     1.00110e+00     9.74400e-02     3.33700e+03
    2.62065e+03     1.00050e+00     9.98400e-02     3.33500e+03
    2.62075e+03     1.00680e+00     9.61200e-02     3.35600e+03
    2.62085e+03     1.00200e+00     1.02120e-01     3.34000e+03
    2.62095e+03     1.00110e+00     9.86400e-02     3.33700e+03
    2.62105e+03     9.92700e-01     9.14400e-02     3.30900e+03
    2.62115e+03     1.00650e+00     9.88800e-02     3.35500e+03
    2.62125e+03     1.00410e+00     1.05960e-01     3.34700e+03
    2.62135e+03     1.02300e+00     1.01520e-01     3.41000e+03
    2.62145e+03     9.68400e-01     9.87600e-02     3.22800e+03
    2.62155e+03     9.97500e-01     1.01160e-01     3.32500e+03
    2.62165e+03     9.67200e-01     9.64800e-02     3.22400e+03
    2.62175e+03     1.00200e+00     9.46800e-02     3.34000e+03
    2.62185e+03     9.92400e-01     1.00320e-01     3.30800e+03
    2.62195e+03     9.83100e-01     1.01160e-01     3.27700e+03
    2.62205e+03     1.00110e+00     9.97200e-02     3.33700e+03
    2.62215e+03     1.01400e+00     9.25200e-02     3.38000e+03
    2.62225e+03     9.86400e-01     9.55200e-02     3.28800e+03
    2.62235e+03     1.01640e+00     9.73200e-02     3.38800e+03
    2.62245e+03     1.00620e+00     1.00080e-01     3.35400e+03
    2.62255e+03     1.00440e+00     9.78000e-02     3.34800e+03
    2.62265e+03     9.95100e-01     9.57600e-02     3.31700e+03
    2.62275e+03     9.88500e-01     9.90000e-02     3.29500e+03
    2.62285e+03     9.78300e-01     1.00920e-01     3.26100e+03
    2.62295e+03     1.00140e+00     1.04280e-01     3.33800e+03
    2.62305e+03     1.02360e+00     1.01040e-01     3.41200e+03
    2.62315e+03     1.04310e+00     9.85200e-02     3.47700e+03
    2.62325e+03     1.02300e+00     1.00080e-01     3.41000e+03
    2.62335e+03     1.00470e+00     9.72000e-02     3.34900e+03
    2.62345e+03     1.02510e+00     9.79200e-02     3.41700e+03
    2.62355e+03     1.03080e+00     1.01760e-01     3.43600e+03
    2.62365e+03     1.00530e+00     9.66000e-02     3.35100e+03
    2.62375e+03     1.02330e+00     1.04280e-01     3.41100e+03
    2.62385e+03     1.00200e+00     1.03560e-01     3.34000e+03
    2.62395e+03     1.02600e+00     1.02480e-01     3.42000e+03
    2.62405e+03     1.04490e+00     9.57600e-02     3.48300e+03
    2.62415e+03     1.03950e+00     1.02240e-01     3.46500e+03
    2.62425e+03     1.03200e+00     9.78000e-02     3.44000e+03
    2.62435e+03     1.02000e+00     1.03080e-01     3.40000e+03
    2.62445e+03     1.05570e+00     1.03320e-01     3.51900e+03
    2.62455e+03     1.05960e+00     1.06920e-01     3.53200e+03
    2.62465e+03     1.04010e+00     9.85200e-02     3.46700e+03
    2.62475e+03     1.01940e+00     9.80400e-02     3.39800e+03
    2.62485e+03     1.05720e+00     1.03440e-01     3.52400e+03
    2.62495e+03     1.03740e+00     9.60000e-02     3.45800e+03
    2.62505e+03     1.05570e+00     9.81600e-02     3.51900e+03
    2.62515e+03     1.08090e+00     1.03680e-01     3.60300e+03
    2.62525e+03     1.08960e+00     9.87600e-02     3.63200e+03
    2.62535e+03     1.05720e+00     9.69600e-02     3.52400e+03
    2.62545e+03     1.08090e+00     1.00320e-01     3.60300e+03
    2.62555e+03     1.07220e+00     9.60000e-02     3.57400e+03
    2.62565e+03     1.06710e+00     9.58800e-02     3.55700e+03
    2.62575e+03     1.08600e+00     9.18000e-02     3.62000e+03
    2.62585e+03     1.12200e+00     1.02240e-01     3.74000e+03
    2.62595e+03     1.11060e+00     1.00560e-01     3.70200e+03
    2.62605e+03     1.12980e+00     1.01880e-01     3.76600e+03
    2.62615e+03     1.16130e+00     1.01760e-01     3.87100e+03
    2.62625e+03     1.20180e+00     1.02960e-01     4.00600e+03
    2.62635e+03     1.21140e+00     8.72400e-02     4.03800e+03
    2.62645e+03     1.40370e+00     1.01640e-01     4.67900e+03
    2.62655e+03     1.28850e+00     1.07520e-01     4.29500e+03
    2.62665e+03     1.18770e+00     1.01760e-01     3.95900e+03
    2.62675e+03     1.15290e+00     9.93600e-02     3.84300e+03
    2.62685e+03     1.14810e+00     1.02000e-01     3.82700e+03
    2.62695e+03     1.07520e+00     9.49200e-02     3.58400e+03
    2.62705e+03     1.09680e+00     9.44400e-02     3.65600e+03
    2.62715e+03     1.06680e+00     9.86400e-02     3.55600e+03
    2.62725e+03     1.08780e+00     9.56400e-02     3.62600e+03
    2.62735e+03     1.10250e+00     9.85200e-02     3.67500e+03
    2.62745e+03     1.08990e+00     9.70800e-02     3.63300e+03
    2.62755e+03     1.09860e+00     9.68400e-02     3.66200e+03
    2.62765e+03     1.07010e+00     1.03440e-01     3.56700e+03
    2.62775e+03     1.08210e+00     1.02840e-01     3.60700e+03
    2.62785e+03     1.08720e+00     1.00320e-01     3.62400e+03
    2.62795e+03     1.04370e+00     9.09600e-02     3.47900e+03
    2.62805e+03     1.06740e+00     9.70800e-02     3.55800e+03
    2.62815e+03     1.06020e+00     1.00800e-01     3.53400e+03
    2.62825e+03     1.04880e+00     9.98400e-02     3.49600e+03
    2.62835e+03     1.03830e+00     9.93600e-02     3.46100e+03
    2.62845e+03     1.01910e+00     9.38400e-02     3.39700e+03
    2.62855e+03     1.03080e+00     9.94800e-02     3.43600e+03
    2.62865e+03     1.06050e+00     9.84000e-02     3.53500e+03
    2.62875e+03     1.06440e+00     1.01640e-01     3.54800e+03
    2.62885e+03     1.02030e+00     9.62400e-02     3.40100e+03
    2.62895e+03     1.01730e+00     9.85200e-02     3.39100e+03
    2.62905e+03     1.02660e+00     9.63600e-02     3.42200e+03
    2.62915e+03     1.03770e+00     9.79200e-02     3.45900e+03
    2.62925e+03     1.07130e+00     1.00800e-01     3.57100e+03
    2.62935e+03     1.04160e+00     1.02000e-01     3.47200e+03
    2.62945e+03     1.07040e+00     1.02360e-01     3.56800e+03
    2.62955e+03     1.04580e+00     9.55200e-02     3.48600e+03
    2.62965e+03     1.07370e+00     1.05120e-01     3.57900e+03
    2.62975e+03     1.03470e+00     1.01520e-01     3.44900e+03
    2.62985e+03     1.07400e+00     1.03200e-01     3.58000e+03
    2.62995e+03     1.05900e+00     1.01760e-01     3.53000e+03
    2.63005e+03     1.06320e+00     1.04160e-01     3.54400e+03
    2.63015e+03     1.06710e+00     9.99600e-02     3.55700e+03
    2.63025e+03     1.01760e+00     9.37200e-02     3.39200e+03
    2.63035e+03     1.06920e+00     1.02360e-01     3.56400e+03
    2.63045e+03     1.05480e+00     1.02600e-01     3.51600e+03
    2.63055e+03     1.04610e+00     9.63600e-02     3.48700e+03
    2.63065e+03     1.05900e+00     9.88800e-02     3.53000e+03
    2.63075e+03     1.09770e+00     1.03560e-01     3.65900e+03
    2.63085e+03     1.05630e+00     9.56400e-02     3.52100e+03
    2.63095e+03     1.10850e+00     1.01400e-01     3.69500e+03
    2.63105e+03     1.07670e+00     9.74400e-02     3.58900e+03
    2.63115e+03     1.11480e+00     9.92400e-02     3.71600e+03
    2.63125e+03     1.09860e+00     9.55200e-02     3.66200e+03
    2.63135e+03     1.13160e+00     1.00080e-01     3.77200e+03
    2.63145e+03     1.14330e+00     1.04040e-01     3.81100e+03
    2.63155e+03     1.15140e+00     1.01400e-01     3.83800e+03
    2.63165e+03     1.18200e+00     1.02360e-01     3.94000e+03
    2.63175e+03     1.18740e+00     1.00440e-01     3.95800e+03
    2.63185e+03     1.17810e+00     9.88800e-02     3.92700e+03
    2.63195e+03     1.23960e+00     9.76800e-02     4.13200e+03
    2.63205e+03     1.38180e+00     9.48000e-02     4.60600e+03
    2.63215e+03     1.47120e+00     1.00920e-01     4.90400e+03
    2.63225e+03     1.25040e+00     1.02120e-01     4.16800e+03
    2.63235e+03     1.21860e+00     1.00440e-01     4.06200e+03
    2.63245e+03     1.20600e+00     9.98400e-02     4.02000e+03
    2.63255e+03     1.16580e+00     1.00440e-01     3.88600e+03
    2.63265e+03     1.13520e+00     9.69600e-02     3.78400e+03
    2.63275e+03     1.11960e+00     1.03440e-01     3.73200e+03
    2.63285e+03     1.13040e+00     9.92400e-02     3.76800e+03
    2.63295e+03     1.11810e+00     1.06320e-01     3.72700e+03
    2.63305e+03     1.09950e+00     1.00680e-01     3.66500e+03
    2.63315e+03     1.11180e+00     1.06560e-01     3.70600e+03
    2.63325e+03     1.05450e+00     9.58800e-02     3.51500e+03
    2.63335e+03     1.09380e+00     1.03680e-01     3.64600e+03
    2.63345e+03     1.04790e+00     9.37200e-02     3.49300e+03
    2.63355e+03     1.08540e+00     1.00080e-01     3.61800e+03
    2.63365e+03     1.07370e+00     9.73200e-02     3.57900e+03
    2.63375e+03     1.05720e+00     9.78000e-02     3.52400e+03
    2.63385e+03     1.06500e+00     1.04160e-01     3.55000e+03
    2.63395e+03     1.08480e+00     1.04040e-01     3.61600e+03
    2.63405e+03     1.06350e+00     1.02960e-01     3.54500e+03
    2.63415e+03     1.04520e+00     9.56400e-02     3.48400e+03
    2.63425e+03     1.03350e+00     1.00080e-01     3.44500e+03
    2.63435e+03     1.03740e+00     1.01040e-01     3.45800e+03
    2.63445e+03     1.03290e+00     1.01880e-01     3.44300e+03
    2.63455e+03     1.02780e+00     1.00080e-01     3.42600e+03
    2.63465e+03     1.00950e+00     9.36000e-02     3.36500e+03
    2.63475e+03     1.01460e+00     9.55200e-02     3.38200e+03
    2.63485e+03     1.00020e+00     9.94800e-02     3.33400e+03
    2.63495e+03     1.02990e+00     9.85200e-02     3.43300e+03
