    2.57505e+03     9.97830e-01     1.00296e-01     3.32610e+04
    2.57515e+03     1.00170e+00     1.00704e-01     3.33900e+04
    2.57525e+03     9.96720e-01     1.01184e-01     3.32240e+04
    2.57535e+03     9.94380e-01     9.77280e-02     3.31460e+04
    2.57545e+03     9.90630e-01     9.60960e-02     3.30210e+04
    2.57555e+03     9.95340e-01     1.00704e-01     3.31780e+04
    2.57565e+03     9.90090e-01     9.74160e-02     3.30030e+04
    2.57575e+03     9.96900e-01     9.72720e-02     3.32300e+04
    2.57585e+03     9.99000e-01     1.03032e-01     3.33000e+04
    2.57595e+03     9.89040e-01     9.73920e-02     3.29680e+04
    2.57605e+03     9.97140e-01     1.01088e-01     3.32380e+04
    2.57615e+03     9.88530e-01     9.96480e-02     3.29510e+04
    2.57625e+03     9.96000e-01     9.89520e-02     3.32000e+04
    2.57635e+03     1.00491e+00     1.02672e-01     3.34970e+04
    2.57645e+03     9.96180e-01     9.84960e-02     3.32060e+04
    2.57655e+03     1.00614e+00     9.79200e-02     3.35380e+04
    2.57665e+03     1.00089e+00     9.90960e-02     3.33630e+04
    2.57675e+03     1.00332e+00     1.00008e-01     3.34440e+04
    2.57685e+03     1.00302e+00     1.00176e-01     3.34340e+04
    2.57695e+03     9.98940e-01     1.00248e-01     3.32980e+04
    2.57705e+03     1.00776e+00     1.03800e-01     3.35920e+04
    2.57715e+03     9.92220e-01     9.91440e-02     3.30740e+04
    2.57725e+03     1.00482e+00     9.76080e-02     3.34940e+04
    2.57735e+03     9.95640e-01     1.01376e-01     3.31880e+04
    2.57745e+03     9.98280e-01     1.01568e-01     3.32760e+04
    2.57755e+03     1.01115e+00     1.03224e-01     3.37050e+04
    2.57765e+03     9.99750e-01     9.84240e-02     3.33250e+04
    2.57775e+03     1.00662e+00     1.02648e-01     3.35540e+04
    2.57785e+03     1.00113e+00     9.83280e-02     3.33710e+04
    2.57795e+03     1.00299e+00     1.01808e-01     3.34330e+04
    2.57805e+03     9.95820e-01     9.75360e-02     3.31940e+04
    2.57815e+03     1.00116e+00     1.00776e-01     3.33720e+04
    2.57825e+03     1.00299e+00     9.86400e-02     3.34330e+04
    2.57835e+03     1.00047e+00     9.70080e-02     3.33490e+04
    2.57845e+03     9.92970e-01     1.00992e-01     3.30990e+04
    2.57855e+03     9.94650e-01     9.95520e-02     3.31550e+04
    2.57865e+03     9.96300e-01     1.00032e-01     3.32100e+04
    2.57875e+03     9.94350e-01     9.93120e-02     3.31450e+04
    2.57885e+03     1.00398e+00     1.00656e-01     3.34660e+04
    2.57895e+03     9.95220e-01     9.99600e-02     3.31740e+04
    2.57905e+03     9.99990e-01     9.95520e-02     3.33330e+04
    2.57915e+03     1.00242e+00     9.77040e-02     3.34140e+04
    2.57925e+03     1.00023e+00     9.96960e-02     3.33410e+04
    2.57935e+03     1.00062e+00     1.00968e-01     3.33540e+04
    2.57945e+03     9.99240e-01     1.00440e-01     3.33080e+04
    2.57955e+03     1.00206e+00     9.97440e-02     3.34020e+04
    2.57965e+03     9.97170e-01     9.82080e-02     3.32390e+04
    2.57975e+03     1.00158e+00     1.00128e-01     3.33860e+04
    2.57985e+03     9.97500e-01     9.99840e-02     3.32500e+04
    2.57995e+03     9.94650e-01     9.95520e-02     3.31550e+04
    2.58005e+03     1.00203e+00     1.02096e-01     3.34010e+04
    2.58015e+03     1.00089e+00     1.02624e-01     3.33630e+04
    2.58025e+03     9.91830e-01     9.72480e-02     3.30610e+04
    2.58035e+03     9.96300e-01     9.82320e-02     3.32100e+04
    2.58045e+03     9.99720e-01     1.00320e-01     3.33240e+04
    2.58055e+03     1.00452e+00     1.00008e-01     3.34840e+04
    2.58065e+03     1.00380e+00     1.00728e-01     3.34600e+04
    2.58075e+03     9.86640e-01     9.96960e-02     3.28880e+04
    2.58085e+03     9.88290e-01     9.86400e-02     3.29430e+04
    2.58095e+03     9.99030e-01     9.84720e-02     3.33010e+04
    2.58105e+03     9.99030e-01     1.01904e-01     3.33010e+04
    2.58115e+03     9.98430e-01     1.00584e-01     3.32810e+04
    2.58125e+03     9.98190e-01     9.98880e-02     3.32730e+04
    2.58135e+03     9.93420e-01     9.98880e-02     3.31140e+04
    2.58145e+03     9.95850e-01     9.92880e-02     3.31950e+04
    2.58155e+03     1.00083e+00     9.91680e-02     3.33610e+04
    2.58165e+03     9.97050e-01     1.00968e-01     3.32350e+04
    2.58175e+03     1.00341e+00     9.86400e-02     3.34470e+04
    2.58185e+03     9.86400e-01     9.96000e-02     3.28800e+04
    2.58195e+03     9.88830e-01     9.86880e-02     3.29610e+04
    2.58205e+03     9.89670e-01     9.93360e-02     3.29890e+04
    2.58215e+03     9.90900e-01     1.00608e-01     3.30300e+04
    2.58225e+03     9.85440e-01     9.77040e-02     3.28480e+04
    2.58235e+03     9.77160e-01     9.86880e-02     3.25720e+04
    2.58245e+03     9.68190e-01     9.87360e-02     3.22730e+04
    2.58255e+03     9.28080e-01     9.42240e-02     3.09360e+04
    2.58265e+03     7.09650e-01     7.07760e-02     2.36550e+04
    2.58275e+03     2.94840e-01     3.00960e-02     9.82800e+03
    2.58285e+03     7.74000e-02     7.00800e-03     2.58000e+03
    2.58295e+03     4.28100e-02     3.64800e-03     1.42700e+03
    2.58305e+03     5.37600e-02     4.65600e-03     1.79200e+03
    2.58315e+03     6.97500e-02     6.96000e-03     2.32500e+03
    2.58325e+03     1.00530e-01     9.07200e-03     3.35100e+03
    2.58335e+03     1.36650e-01     1.23600e-02     4.55500e+03
    2.58345e+03     1.81230e-01     1.77360e-02     6.04100e+03
    2.58355e+03     2.38410e-01     2.23440e-02     7.94700e+03
    2.58365e+03     2.94450e-01     2.79120e-02     9.81500e+03
    2.58375e+03     3.59580e-01     3.38640e-02     1.19860e+04
    2.58385e+03     4.21920e-01     4.16640e-02     1.40640e+04
    2.58395e+03     4.88550e-01     4.44480e-02     1.62850e+04
    2.58405e+03     5.54400e-01     5.23680e-02     1.84800e+04
    2.58415e+03     6.15540e-01     6.04800e-02     2.05180e+04
    2.58425e+03     6.86040e-01     6.40320e-02     2.28680e+04
    2.58435e+03     7.41090e-01     6.74160e-02     2.47030e+04
    2.58445e+03     7.99560e-01     7.56480e-02     2.66520e+04
    2.58455e+03     8.44320e-01     7.93680e-02     2.81440e+04
    2.58465e+03     8.78640e-01     8.38800e-02     2.92880e+04
    2.58475e+03     9.09960e-01     8.74560e-02     3.03320e+04
    2.58485e+03     9.37440e-01     9.01440e-02     3.12480e+04
    2.58495e+03     9.69120e-01     9.32880e-02     3.23040e+04
    2.58505e+03     9.91770e-01     9.39600e-02     3.30590e+04
    2.58515e+03     1.00581e+00     9.48960e-02     3.35270e+04
    2.58525e+03     1.02057e+00     9.56880e-02     3.40190e+04
    2.58535e+03     1.03434e+00     9.98640e-02     3.44780e+04
    2.58545e+03     1.04085e+00     9.73440e-02     3.46950e+04
    2.58555e+03     1.03701e+00     9.96480e-02     3.45670e+04
    2.58565e+03     1.04577e+00     1.01256e-01     3.48590e+04
    2.58575e+03     1.04235e+00     1.01232e-01     3.47450e+04
    2.58585e+03     1.04604e+00     1.00104e-01     3.48680e+04
    2.58595e+03     1.05438e+00     9.89760e-02     3.51460e+04
    2.58605e+03     1.04640e+00     1.00128e-01     3.48800e+04
    2.58615e+03     1.04568e+00     9.71760e-02     3.48560e+04
    2.58625e+03     1.03542e+00     1.00656e-01     3.45140e+04
    2.58635e+03     1.04706e+00     1.00320e-01     3.49020e+04
    2.58645e+03     1.05129e+00     9.69600e-02     3.50430e+04
    2.58655e+03     1.04535e+00     9.95520e-02     3.48450e+04
    2.58665e+03     1.04406e+00     9.76320e-02     3.48020e+04
    2.58675e+03     1.05615e+00     1.02792e-01     3.52050e+04
    2.58685e+03     1.05498e+00     9.99600e-02     3.51660e+04
    2.58695e+03     1.05165e+00     9.76080e-02     3.50550e+04
    2.58705e+03     1.05837e+00     1.02312e-01     3.52790e+04
    2.58715e+03     1.05075e+00     9.93600e-02     3.50250e+04
    2.58725e+03     1.05168e+00     1.01376e-01     3.50560e+04
    2.58735e+03     1.05507e+00     9.80640e-02     3.51690e+04
    2.58745e+03     1.05405e+00     9.94320e-02     3.51350e+04
    2.58755e+03     1.05474e+00     9.97680e-02     3.51580e+04
    2.58765e+03     1.05759e+00     1.02264e-01     3.52530e+04
    2.58775e+03     1.05321e+00     1.02624e-01     3.51070e+04
    2.58785e+03     1.06041e+00     1.00416e-01     3.53470e+04
    2.58795e+03     1.05474e+00     9.84000e-02     3.51580e+04
    2.58805e+03     1.06638e+00     1.00560e-01     3.55460e+04
    2.58815e+03     1.05681e+00     9.89520e-02     3.52270e+04
    2.58825e+03     1.04802e+00     9.81600e-02     3.49340e+04
    2.58835e+03     1.06488e+00     1.00896e-01     3.54960e+04
    2.58845e+03     1.05747e+00     1.00752e-01     3.52490e+04
    2.58855e+03     1.04625e+00     9.71520e-02     3.48750e+04
    2.58865e+03     1.04736e+00     9.75120e-02     3.49120e+04
    2.58875e+03     1.03992e+00     9.96720e-02     3.46640e+04
    2.58885e+03     1.03842e+00     1.00344e-01     3.46140e+04
    2.58895e+03     1.04436e+00     1.00344e-01     3.48120e+04
    2.58905e+03     1.04541e+00     9.98880e-02     3.48470e+04
    2.58915e+03     1.04064e+00     9.98400e-02     3.46880e+04
    2.58925e+03     1.02924e+00     9.93120e-02     3.43080e+04
    2.58935e+03     1.02381e+00     9.86640e-02     3.41270e+04
    2.58945e+03     1.03083e+00     9.96960e-02     3.43610e+04
    2.58955e+03     1.03185e+00     9.93120e-02     3.43950e+04
    2.58965e+03     1.03128e+00     1.01736e-01     3.43760e+04
    2.58975e+03     1.02723e+00     9.87600e-02     3.42410e+04
    2.58985e+03     1.01586e+00     9.90960e-02     3.38620e+04
    2.58995e+03     1.01475e+00     1.00536e-01     3.38250e+04
    2.59005e+03     1.00671e+00     9.90960e-02     3.35570e+04
    2.59015e+03     1.01130e+00     9.85920e-02     3.37100e+04
    2.59025e+03     1.00932e+00     1.03368e-01     3.36440e+04
    2.59035e+03     1.00518e+00     9.64080e-02     3.35060e+04
    2.59045e+03     1.00356e+00     9.96480e-02     3.34520e+04
    2.59055e+03     1.00329e+00     1.01784e-01     3.34430e+04
    2.59065e+03     9.94050e-01     9.71520e-02     3.31350e+04
    2.59075e+03     1.00506e+00     9.99360e-02     3.35020e+04
    2.59085e+03     1.00368e+00     9.83280e-02     3.34560e+04
    2.59095e+03     9.99870e-01     1.00488e-01     3.33290e+04
    2.59105e+03     9.96480e-01     9.97200e-02     3.32160e+04
    2.59115e+03     9.96330e-01     9.90720e-02     3.32110e+04
    2.59125e+03     1.00050e+00     1.02600e-01     3.33500e+04
    2.59135e+03     1.00563e+00     1.01856e-01     3.35210e+04
    2.59145e+03     1.00080e+00     9.99600e-02     3.33600e+04
    2.59155e+03     9.97710e-01     9.82080e-02     3.32570e+04
    2.59165e+03     1.00131e+00     9.92400e-02     3.33770e+04
    2.59175e+03     9.97890e-01     9.97440e-02     3.32630e+04
    2.59185e+03     9.97380e-01     9.87120e-02     3.32460e+04
    2.59195e+03     1.01052e+00     1.00944e-01     3.36840e+04
    2.59205e+03     9.98520e-01     9.91440e-02     3.32840e+04
    2.59215e+03     1.00866e+00     1.03272e-01     3.36220e+04
    2.59225e+03     9.96030e-01     9.99600e-02     3.32010e+04
    2.59235e+03     9.99960e-01     1.02672e-01     3.33320e+04
    2.59245e+03     9.98400e-01     9.92160e-02     3.32800e+04
    2.59255e+03     1.00320e+00     1.02456e-01     3.34400e+04
    2.59265e+03     9.96480e-01     1.01664e-01     3.32160e+04
    2.59275e+03     9.95850e-01     1.00344e-01     3.31950e+04
    2.59285e+03     9.98160e-01     1.02096e-01     3.32720e+04
    2.59295e+03     9.99510e-01     1.00104e-01     3.33170e+04
    2.59305e+03     1.00281e+00     9.82320e-02     3.34270e+04
    2.59315e+03     1.00602e+00     1.00728e-01     3.35340e+04
    2.59325e+03     9.95520e-01     9.56400e-02     3.31840e+04
    2.59335e+03     9.88560e-01     9.91680e-02     3.29520e+04
    2.59345e+03     9.95190e-01     9.80880e-02     3.31730e+04
    2.59355e+03     9.99210e-01     1.01088e-01     3.33070e+04
    2.59365e+03     9.95070e-01     9.73680e-02     3.31690e+04
    2.59375e+03     9.99660e-01     9.99120e-02     3.33220e+04
    2.59385e+03     9.98730e-01     9.85440e-02     3.32910e+04
    2.59395e+03     9.95160e-01     1.00680e-01     3.31720e+04
    2.59405e+03     9.94080e-01     9.78480e-02     3.31360e+04
    2.59415e+03     1.00152e+00     1.00368e-01     3.33840e+04
    2.59425e+03     1.00437e+00     1.00152e-01     3.34790e+04
    2.59435e+03     9.93390e-01     1.00176e-01     3.31130e+04
    2.59445e+03     9.86370e-01     9.81840e-02     3.28790e+04
    2.59455e+03     9.97350e-01     1.01448e-01     3.32450e+04
    2.59465e+03     9.92010e-01     9.98160e-02     3.30670e+04
    2.59475e+03     9.82500e-01     9.97200e-02     3.27500e+04
    2.59485e+03     9.91620e-01     9.85680e-02     3.30540e+04
    2.59495e+03     9.93930e-01     9.81360e-02     3.31310e+04
    2.59505e+03     9.81750e-01     9.97920e-02     3.27250e+04
    2.59515e+03     9.84810e-01     9.91920e-02     3.28270e+04
    2.59525e+03     9.79890e-01     9.78240e-02     3.26630e+04
    2.59535e+03     9.79530e-01     9.74160e-02     3.26510e+04
    2.59545e+03     9.74010e-01     9.76560e-02     3.24670e+04
    2.59555e+03     9.73710e-01     9.57600e-02     3.24570e+04
    2.59565e+03     9.61950e-01     9.37440e-02     3.20650e+04
    2.59575e+03     9.42030e-01     9.50160e-02     3.14010e+04
    2.59585e+03     9.21330e-01     9.22080e-02     3.07110e+04
    2.59595e+03     8.95230e-01     9.10320e-02     2.98410e+04
    2.59605e+03     7.66200e-01     7.72800e-02     2.55400e+04
    2.59615e+03     3.40860e-01     3.26640e-02     1.13620e+04
    2.59625e+03     3.46800e-02     1.92000e-03     1.15600e+03
    2.59635e+03     1.70100e-02     0.00000e+00     5.67000e+02
    2.59645e+03     1.73100e-02     0.00000e+00     5.77000e+02
    2.59655e+03     1.87500e-02     0.00000e+00     6.25000e+02
    2.59665e+03     2.11500e-02     0.00000e+00     7.05000e+02
    2.59675e+03     2.47200e-02     0.00000e+00     8.24000e+02
    2.59685e+03     2.74800e-02     2.40000e-05     9.16000e+02
    2.59695e+03     3.23100e-02     3.12000e-04     1.07700e+03
    2.59705e+03     4.06500e-02     4.08000e-04     1.35500e+03
    2.59715e+03     5.16600e-02     1.05600e-03     1.72200e+03
    2.59725e+03     7.25100e-02     2.61600e-03     2.41700e+03
    2.59735e+03     9.97200e-02     3.52800e-03     3.32400e+03
    2.59745e+03     1.32690e-01     5.73600e-03     4.42300e+03
    2.59755e+03     1.81680e-01     1.08960e-02     6.05600e+03
    2.59765e+03     2.49930e-01     1.54560e-02     8.33100e+03
    2.59775e+03     3.21120e-01     2.14320e-02     1.07040e+04
    2.59785e+03     4.12380e-01     2.85120e-02     1.37460e+04
    2.59795e+03     5.01990e-01     3.71760e-02     1.67330e+04
    2.59805e+03     5.96130e-01     4.47600e-02     1.98710e+04
    2.59815e+03     7.01730e-01     5.64240e-02     2.33910e+04
    2.59825e+03     7.87110e-01     6.15840e-02     2.62370e+04
    2.59835e+03     8.81730e-01     6.94560e-02     2.93910e+04
    2.59845e+03     9.41820e-01     7.31760e-02     3.13940e+04
    2.59855e+03     1.03023e+00     7.95120e-02     3.43410e+04
    2.59865e+03     1.07373e+00     8.42160e-02     3.57910e+04
    2.59875e+03     1.11396e+00     8.77680e-02     3.71320e+04
    2.59885e+03     1.15611e+00     9.39840e-02     3.85370e+04
    2.59895e+03     1.18770e+00     9.70560e-02     3.95900e+04
    2.59905e+03     1.21587e+00     9.65280e-02     4.05290e+04
    2.59915e+03     1.21593e+00     9.66480e-02     4.05310e+04
    2.59925e+03     1.22466e+00     9.84480e-02     4.08220e+04
    2.59935e+03     1.25661e+00     9.79200e-02     4.18870e+04
    2.59945e+03     1.25442e+00     9.84720e-02     4.18140e+04
    2.59955e+03     1.27368e+00     1.00296e-01     4.24560e+04
    2.59965e+03     1.26738e+00     9.79440e-02     4.22460e+04
    2.59975e+03     1.27521e+00     9.98160e-02     4.25070e+04
    2.59985e+03     1.27539e+00     1.00584e-01     4.25130e+04
    2.59995e+03     1.28613e+00     1.00392e-01     4.28710e+04
    2.60005e+03     1.28076e+00     1.00440e-01     4.26920e+04
    2.60015e+03     1.28523e+00     9.96720e-02     4.28410e+04
    2.60025e+03     1.27830e+00     9.90960e-02     4.26100e+04
    2.60035e+03     1.29657e+00     9.92880e-02     4.32190e+04
    2.60045e+03     1.28628e+00     9.81600e-02     4.28760e+04
    2.60055e+03     1.29003e+00     1.00392e-01     4.30010e+04
    2.60065e+03     1.29483e+00     1.00152e-01     4.31610e+04
    2.60075e+03     1.29981e+00     9.86160e-02     4.33270e+04
    2.60085e+03     1.29399e+00     1.00584e-01     4.31330e+04
    2.60095e+03     1.30239e+00     9.91440e-02     4.34130e+04
    2.60105e+03     1.29576e+00     1.02072e-01     4.31920e+04
    2.60115e+03     1.30755e+00     9.92400e-02     4.35850e+04
    2.60125e+03     1.29315e+00     9.89280e-02     4.31050e+04
    2.60135e+03     1.28379e+00     9.83520e-02     4.27930e+04
    2.60145e+03     1.28721e+00     9.93360e-02     4.29070e+04
    2.60155e+03     1.29000e+00     1.01040e-01     4.30000e+04
    2.60165e+03     1.27704e+00     9.72000e-02     4.25680e+04
    2.60175e+03     1.27410e+00     9.74880e-02     4.24700e+04
    2.60185e+03     1.27626e+00     1.00104e-01     4.25420e+04
    2.60195e+03     1.26537e+00     1.00728e-01     4.21790e+04
    2.60205e+03     1.25829e+00     9.78960e-02     4.19430e+04
    2.60215e+03     1.25484e+00     1.00248e-01     4.18280e+04
    2.60225e+03     1.23393e+00     9.89040e-02     4.11310e+04
    2.60235e+03     1.22031e+00     9.95040e-02     4.06770e+04
    2.60245e+03     1.21464e+00     9.97920e-02     4.04880e+04
    2.60255e+03     1.19409e+00     1.00608e-01     3.98030e+04
    2.60265e+03     1.19019e+00     9.92640e-02     3.96730e+04
    2.60275e+03     1.16007e+00     1.01040e-01     3.86690e+04
    2.60285e+03     1.15191e+00     1.01856e-01     3.83970e+04
    2.60295e+03     1.12260e+00     9.69360e-02     3.74200e+04
    2.60305e+03     1.11372e+00     1.00704e-01     3.71240e+04
    2.60315e+03     1.10724e+00     9.94560e-02     3.69080e+04
    2.60325e+03     1.09236e+00     1.00464e-01     3.64120e+04
    2.60335e+03     1.07373e+00     1.01592e-01     3.57910e+04
    2.60345e+03     1.07199e+00     9.89520e-02     3.57330e+04
    2.60355e+03     1.05918e+00     1.01952e-01     3.53060e+04
    2.60365e+03     1.05114e+00     1.01976e-01     3.50380e+04
    2.60375e+03     1.04985e+00     1.01520e-01     3.49950e+04
    2.60385e+03     1.03161e+00     1.01688e-01     3.43870e+04
    2.60395e+03     1.01904e+00     9.73200e-02     3.39680e+04
    2.60405e+03     1.00530e+00     9.78240e-02     3.35100e+04
    2.60415e+03     1.00746e+00     9.85920e-02     3.35820e+04
    2.60425e+03     1.00857e+00     1.00608e-01     3.36190e+04
    2.60435e+03     1.00467e+00     1.01040e-01     3.34890e+04
    2.60445e+03     9.97830e-01     9.96960e-02     3.32610e+04
    2.60455e+03     1.00860e+00     1.00176e-01     3.36200e+04
    2.60465e+03     1.01064e+00     1.01568e-01     3.36880e+04
    2.60475e+03     1.00383e+00     1.00176e-01     3.34610e+04
    2.60485e+03     1.00218e+00     1.00440e-01     3.34060e+04
    2.60495e+03     1.00671e+00     9.99360e-02     3.35570e+04
    2.60505e+03     1.01661e+00     1.01808e-01     3.38870e+04
    2.60515e+03     1.00347e+00     9.87600e-02     3.34490e+04
    2.60525e+03     1.00785e+00     1.02528e-01     3.35950e+04
    2.60535e+03     1.00278e+00     9.69840e-02     3.34260e+04
    2.60545e+03     1.00545e+00     1.02408e-01     3.35150e+04
    2.60555e+03     1.00845e+00     1.02912e-01     3.36150e+04
    2.60565e+03     9.98730e-01     9.65520e-02     3.32910e+04
    2.60575e+03     9.98070e-01     1.00704e-01     3.32690e+04
    2.60585e+03     9.95040e-01     9.94800e-02     3.31680e+04
    2.60595e+03     1.00080e+00     1.00656e-01     3.33600e+04
    2.60605e+03     1.00455e+00     9.90720e-02     3.34850e+04
    2.60615e+03     9.99240e-01     9.88800e-02     3.33080e+04
    2.60625e+03     1.00614e+00     1.01304e-01     3.35380e+04
    2.60635e+03     1.00401e+00     1.01424e-01     3.34670e+04
    2.60645e+03     9.96600e-01     1.00488e-01     3.32200e+04
    2.60655e+03     1.00290e+00     9.81840e-02     3.34300e+04
    2.60665e+03     9.99090e-01     9.83760e-02     3.33030e+04
    2.60675e+03     9.98670e-01     9.97200e-02     3.32890e+04
    2.60685e+03     1.00092e+00     1.00584e-01     3.33640e+04
    2.60695e+03     9.98070e-01     9.94320e-02     3.32690e+04
    2.60705e+03     9.98970e-01     1.02888e-01     3.32990e+04
    2.60715e+03     1.01874e+00     9.94560e-02     3.39580e+04
    2.60725e+03     9.98430e-01     1.00152e-01     3.32810e+04
    2.60735e+03     1.00305e+00     1.00368e-01     3.34350e+04
    2.60745e+03     9.97590e-01     1.01064e-01     3.32530e+04
    2.60755e+03     9.92160e-01     1.00440e-01     3.30720e+04
    2.60765e+03     1.00719e+00     1.00296e-01     3.35730e+04
    2.60775e+03     9.96870e-01     9.90720e-02     3.32290e+04
    2.60785e+03     9.98700e-01     9.74400e-02     3.32900e+04
    2.60795e+03     1.00497e+00     1.01880e-01     3.34990e+04
    2.60805e+03     9.93960e-01     1.01400e-01     3.31320e+04
    2.60815e+03     1.00323e+00     9.98880e-02     3.34410e+04
    2.60825e+03     9.90720e-01     1.02000e-01     3.30240e+04
    2.60835e+03     9.97980e-01     1.02312e-01     3.32660e+04
    2.60845e+03     9.97950e-01     9.90240e-02     3.32650e+04
    2.60855e+03     9.93090e-01     9.63600e-02     3.31030e+04
    2.60865e+03     9.99240e-01     1.00968e-01     3.33080e+04
    2.60875e+03     9.98040e-01     9.98640e-02     3.32680e+04
    2.60885e+03     1.00299e+00     9.84720e-02     3.34330e+04
    2.60895e+03     1.01814e+00     1.00056e-01     3.39380e+04
    2.60905e+03     1.01757e+00     9.79440e-02     3.39190e+04
    2.60915e+03     1.04613e+00     9.91680e-02     3.48710e+04
    2.60925e+03     1.04160e+00     9.96480e-02     3.47200e+04
    2.60935e+03     1.05000e+00     1.01472e-01     3.50000e+04
    2.60945e+03     1.05150e+00     1.00704e-01     3.50500e+04
    2.60955e+03     1.05870e+00     9.78480e-02     3.52900e+04
    2.60965e+03     1.07184e+00     1.00440e-01     3.57280e+04
    2.60975e+03     1.07850e+00     1.00752e-01     3.59500e+04
    2.60985e+03     1.07883e+00     1.00440e-01     3.59610e+04
    2.60995e+03     1.08750e+00     1.02456e-01     3.62500e+04
    2.61005e+03     1.08717e+00     9.96480e-02     3.62390e+04
    2.61015e+03     1.10247e+00     1.02120e-01     3.67490e+04
    2.61025e+03     1.10217e+00     1.01232e-01     3.67390e+04
    2.61035e+03     1.09953e+00     9.97680e-02     3.66510e+04
    2.61045e+03     1.10439e+00     1.00248e-01     3.68130e+04
    2.61055e+03     1.11207e+00     9.90000e-02     3.70690e+04
    2.61065e+03     1.10472e+00     9.98400e-02     3.68240e+04
    2.61075e+03     1.11117e+00     9.88080e-02     3.70390e+04
    2.61085e+03     1.11564e+00     9.87360e-02     3.71880e+04
    2.61095e+03     1.11078e+00     1.01568e-01     3.70260e+04
    2.61105e+03     1.11840e+00     1.00800e-01     3.72800e+04
    2.61115e+03     1.11075e+00     9.85920e-02     3.70250e+04
    2.61125e+03     1.11399e+00     9.95520e-02     3.71330e+04
    2.61135e+03     1.11711e+00     1.00128e-01     3.72370e+04
    2.61145e+03     1.11360e+00     1.00776e-01     3.71200e+04
    2.61155e+03     1.11174e+00     1.01064e-01     3.70580e+04
    2.61165e+03     1.10451e+00     9.71040e-02     3.68170e+04
    2.61175e+03     1.11873e+00     1.00584e-01     3.72910e+04
    2.61185e+03     1.11957e+00     9.93360e-02     3.73190e+04
    2.61195e+03     1.12587e+00     1.00416e-01     3.75290e+04
    2.61205e+03     1.12071e+00     9.88560e-02     3.73570e+04
    2.61215e+03     1.11798e+00     1.01496e-01     3.72660e+04
    2.61225e+03     1.10463e+00     9.66480e-02     3.68210e+04
    2.61235e+03     1.10934e+00     9.64320e-02     3.69780e+04
    2.61245e+03     1.12086e+00     1.01736e-01     3.73620e+04
    2.61255e+03     1.11357e+00     1.01904e-01     3.71190e+04
    2.61265e+03     1.10757e+00     9.98400e-02     3.69190e+04
    2.61275e+03     1.11414e+00     1.00608e-01     3.71380e+04
    2.61285e+03     1.10928e+00     1.00056e-01     3.69760e+04
    2.61295e+03     1.11243e+00     1.02312e-01     3.70810e+04
    2.61305e+03     1.11378e+00     1.01400e-01     3.71260e+04
    2.61315e+03     1.11624e+00     1.00536e-01     3.72080e+04
    2.61325e+03     1.11897e+00     1.00800e-01     3.72990e+04
    2.61335e+03     1.11273e+00     9.92400e-02     3.70910e+04
    2.61345e+03     1.11513e+00     9.70800e-02     3.71710e+04
    2.61355e+03     1.12077e+00     1.00824e-01     3.73590e+04
    2.61365e+03     1.12623e+00     1.05168e-01     3.75410e+04
    2.61375e+03     1.12083e+00     1.00776e-01     3.73610e+04
    2.61385e+03     1.11693e+00     9.98880e-02     3.72310e+04
    2.61395e+03     1.11003e+00     9.95040e-02     3.70010e+04
    2.61405e+03     1.11765e+00     9.82560e-02     3.72550e+04
    2.61415e+03     1.10631e+00     9.96960e-02     3.68770e+04
    2.61425e+03     1.11738e+00     1.01424e-01     3.72460e+04
    2.61435e+03     1.11528e+00     1.00752e-01     3.71760e+04
    2.61445e+03     1.10874e+00     9.90720e-02     3.69580e+04
    2.61455e+03     1.09836e+00     9.95280e-02     3.66120e+04
    2.61465e+03     1.10844e+00     9.80880e-02     3.69480e+04
    2.61475e+03     1.10976e+00     1.00056e-01     3.69920e+04
    2.61485e+03     1.09971e+00     1.02096e-01     3.66570e+04
    2.61495e+03     1.10661e+00     9.89520e-02     3.68870e+04
    2.61505e+03     1.09989e+00     1.01592e-01     3.66630e+04
    2.61515e+03     1.08783e+00     1.00368e-01     3.62610e+04
    2.61525e+03     1.09632e+00     1.02888e-01     3.65440e+04
    2.61535e+03     1.07466e+00     9.93120e-02     3.58220e+04
    2.61545e+03     1.07598e+00     1.02096e-01     3.58660e+04
    2.61555e+03     1.06947e+00     1.02504e-01     3.56490e+04
    2.61565e+03     1.06218e+00     9.90480e-02     3.54060e+04
    2.61575e+03     1.07127e+00     9.97200e-02     3.57090e+04
    2.61585e+03     1.05528e+00     9.86880e-02     3.51760e+04
    2.61595e+03     1.05111e+00     1.00680e-01     3.50370e+04
    2.61605e+03     1.04541e+00     9.87600e-02     3.48470e+04
    2.61615e+03     1.03368e+00     1.01088e-01     3.44560e+04
    2.61625e+03     1.02138e+00     9.83760e-02     3.40460e+04
    2.61635e+03     1.02771e+00     1.00800e-01     3.42570e+04
    2.61645e+03     1.00212e+00     1.01808e-01     3.34040e+04
    2.61655e+03     1.01193e+00     9.96480e-02     3.37310e+04
    2.61665e+03     1.00287e+00     9.85200e-02     3.34290e+04
    2.61675e+03     1.00560e+00     1.00080e-01     3.35200e+04
    2.61685e+03     1.00047e+00     1.00344e-01     3.33490e+04
    2.61695e+03     9.91530e-01     9.96960e-02     3.30510e+04
    2.61705e+03     1.00182e+00     1.00920e-01     3.33940e+04
    2.61715e+03     1.00656e+00     9.93840e-02     3.35520e+04
    2.61725e+03     9.99480e-01     1.00368e-01     3.33160e+04
    2.61735e+03     9.97560e-01     9.89280e-02     3.32520e+04
    2.61745e+03     1.00041e+00     9.91200e-02     3.33470e+04
    2.61755e+03     9.94710e-01     9.80880e-02     3.31570e+04
    2.61765e+03     9.94200e-01     9.89280e-02     3.31400e+04
    2.61775e+03     1.00284e+00     1.00200e-01     3.34280e+04
    2.61785e+03     1.00833e+00     1.00728e-01     3.36110e+04
    2.61795e+03     9.98550e-01     1.00896e-01     3.32850e+04
    2.61805e+03     1.00026e+00     1.00248e-01     3.33420e+04
    2.61815e+03     9.91830e-01     1.01016e-01     3.30610e+04
    2.61825e+03     9.92400e-01     9.72480e-02     3.30800e+04
    2.61835e+03     9.95700e-01     9.73200e-02     3.31900e+04
    2.61845e+03     9.86040e-01     9.84000e-02     3.28680e+04
    2.61855e+03     1.00245e+00     1.02384e-01     3.34150e+04
    2.61865e+03     9.96780e-01     9.90240e-02     3.32260e+04
    2.61875e+03     1.00203e+00     9.84000e-02     3.34010e+04
    2.61885e+03     1.01061e+00     9.75360e-02     3.36870e+04
    2.61895e+03     9.94770e-01     9.83520e-02     3.31590e+04
    2.61905e+03     9.93690e-01     9.94560e-02     3.31230e+04
    2.61915e+03     1.01016e+00     1.03248e-01     3.36720e+04
    2.61925e+03     9.92520e-01     1.02264e-01     3.30840e+04
    2.61935e+03     1.00104e+00     1.01448e-01     3.33680e+04
    2.61945e+03     9.99780e-01     9.88080e-02     3.33260e+04
    2.61955e+03     1.00359e+00     1.03248e-01     3.34530e+04
    2.61965e+03     1.00074e+00     9.93600e-02     3.33580e+04
    2.61975e+03     9.98370e-01     9.73920e-02     3.32790e+04
    2.61985e+03     1.00605e+00     1.00704e-01     3.35350e+04
    2.61995e+03     1.00536e+00     9.96960e-02     3.35120e+04
    2.62005e+03     9.94260e-01     9.88800e-02     3.31420e+04
    2.62015e+03     1.00377e+00     9.90960e-02     3.34590e+04
    2.62025e+03     9.95130e-01     1.00128e-01     3.31710e+04
    2.62035e+03     9.98970e-01     9.92400e-02     3.32990e+04
    2.62045e+03     9.98520e-01     1.00080e-01     3.32840e+04
    2.62055e+03     1.00320e+00     1.02000e-01     3.34400e+04
    2.62065e+03     1.00512e+00     1.02768e-01     3.35040e+04
    2.62075e+03     1.00437e+00     1.00632e-01     3.34790e+04
    2.62085e+03     9.98700e-01     9.85200e-02     3.32900e+04
    2.62095e+03     9.94290e-01     9.87360e-02     3.31430e+04
    2.62105e+03     9.92820e-01     1.00848e-01     3.30940e+04
    2.62115e+03     9.98730e-01     9.92640e-02     3.32910e+04
    2.62125e+03     9.98550e-01     1.01520e-01     3.32850e+04
    2.62135e+03     9.96780e-01     1.02096e-01     3.32260e+04
    2.62145e+03     1.00548e+00     1.01160e-01     3.35160e+04
    2.62155e+03     1.00491e+00     9.92880e-02     3.34970e+04
    2.62165e+03     9.98880e-01     9.90240e-02     3.32960e+04
    2.62175e+03     1.00368e+00     1.01544e-01     3.34560e+04
    2.62185e+03     1.00599e+00     1.00584e-01     3.35330e+04
    2.62195e+03     9.98460e-01     9.94800e-02     3.32820e+04
    2.62205e+03     9.99630e-01     1.01352e-01     3.33210e+04
    2.62215e+03     9.99120e-01     9.82800e-02     3.33040e+04
    2.62225e+03     9.97260e-01     1.00008e-01     3.32420e+04
    2.62235e+03     1.00047e+00     9.89520e-02     3.33490e+04
    2.62245e+03     9.86610e-01     9.88320e-02     3.28870e+04
    2.62255e+03     1.01142e+00     9.77520e-02     3.37140e+04
    2.62265e+03     1.00986e+00     9.79680e-02     3.36620e+04
    2.62275e+03     1.02231e+00     1.00176e-01     3.40770e+04
    2.62285e+03     1.02903e+00     1.00848e-01     3.43010e+04
    2.62295e+03     1.02798e+00     9.90000e-02     3.42660e+04
    2.62305e+03     1.04427e+00     1.01256e-01     3.48090e+04
    2.62315e+03     1.04124e+00     9.86160e-02     3.47080e+04
    2.62325e+03     1.05042e+00     9.87360e-02     3.50140e+04
    2.62335e+03     1.06038e+00     1.02240e-01     3.53460e+04
    2.62345e+03     1.06590e+00     9.95520e-02     3.55300e+04
    2.62355e+03     1.06713e+00     1.02192e-01     3.55710e+04
    2.62365e+03     1.07439e+00     9.88800e-02     3.58130e+04
    2.62375e+03     1.08870e+00     9.98880e-02     3.62900e+04
    2.62385e+03     1.07433e+00     9.82560e-02     3.58110e+04
    2.62395e+03     1.09653e+00     1.00584e-01     3.65510e+04
    2.62405e+03     1.09998e+00     9.78000e-02     3.66660e+04
    2.62415e+03     1.08777e+00     9.93840e-02     3.62590e+04
    2.62425e+03     1.09803e+00     9.89760e-02     3.66010e+04
    2.62435e+03     1.08921e+00     9.95760e-02     3.63070e+04
    2.62445e+03     1.09929e+00     1.02552e-01     3.66430e+04
    2.62455e+03     1.09074e+00     9.89280e-02     3.63580e+04
    2.62465e+03     1.09311e+00     1.01088e-01     3.64370e+04
    2.62475e+03     1.10529e+00     1.01616e-01     3.68430e+04
    2.62485e+03     1.10208e+00     1.01424e-01     3.67360e+04
    2.62495e+03     1.10523e+00     1.00056e-01     3.68410e+04
    2.62505e+03     1.10565e+00     1.01016e-01     3.68550e+04
    2.62515e+03     1.09845e+00     1.00344e-01     3.66150e+04
    2.62525e+03     1.10556e+00     1.01304e-01     3.68520e+04
    2.62535e+03     1.11054e+00     1.00512e-01     3.70180e+04
    2.62545e+03     1.10742e+00     9.95040e-02     3.69140e+04
    2.62555e+03     1.10964e+00     1.00176e-01     3.69880e+04
    2.62565e+03     1.11516e+00     9.96720e-02     3.71720e+04
    2.62575e+03     1.11009e+00     1.00200e-01     3.70030e+04
    2.62585e+03     1.10865e+00     1.00800e-01     3.69550e+04
    2.62595e+03     1.10445e+00     9.65760e-02     3.68150e+04
    2.62605e+03     1.11606e+00     1.01400e-01     3.72020e+04
    2.62615e+03     1.11723e+00     9.90960e-02     3.72410e+04
    2.62625e+03     1.10358e+00     9.90720e-02     3.67860e+04
    2.62635e+03     1.10463e+00     9.78720e-02     3.68210e+04
    2.62645e+03     1.10526e+00     9.83760e-02     3.68420e+04
    2.62655e+03     1.11264e+00     1.00920e-01     3.70880e+04
    2.62665e+03     1.10412e+00     9.74400e-02     3.68040e+04
    2.62675e+03     1.12065e+00     1.02936e-01     3.73550e+04
    2.62685e+03     1.11609e+00     1.00800e-01     3.72030e+04
    2.62695e+03     1.11342e+00     9.91680e-02     3.71140e+04
    2.62705e+03     1.11033e+00     1.04064e-01     3.70110e+04
    2.62715e+03     1.10877e+00     1.00512e-01     3.69590e+04
    2.62725e+03     1.10457e+00     9.96000e-02     3.68190e+04
    2.62735e+03     1.10955e+00     9.80400e-02     3.69850e+04
    2.62745e+03     1.10652e+00     1.00728e-01     3.68840e+04
    2.62755e+03     1.11162e+00     9.88560e-02     3.70540e+04
    2.62765e+03     1.09971e+00     1.01208e-01     3.66570e+04
    2.62775e+03     1.10595e+00     1.00872e-01     3.68650e+04
    2.62785e+03     1.10691e+00     9.90720e-02     3.68970e+04
    2.62795e+03     1.10436e+00     9.80400e-02     3.68120e+04
    2.62805e+03     1.10733e+00     9.92160e-02     3.69110e+04
    2.62815e+03     1.10148e+00     9.90000e-02     3.67160e+04
    2.62825e+03     1.11441e+00     9.95520e-02     3.71470e+04
    2.62835e+03     1.10781e+00     1.00896e-01     3.69270e+04
    2.62845e+03     1.11387e+00     1.00944e-01     3.71290e+04
    2.62855e+03     1.11333e+00     9.96480e-02     3.71110e+04
    2.62865e+03     1.11063e+00     9.97920e-02     3.70210e+04
    2.62875e+03     1.11120e+00     1.04184e-01     3.70400e+04
    2.62885e+03     1.12602e+00     9.99840e-02     3.75340e+04
    2.62895e+03     1.12302e+00     1.01400e-01     3.74340e+04
    2.62905e+03     1.12530e+00     9.86640e-02     3.75100e+04
    2.62915e+03     1.11180e+00     1.00056e-01     3.70600e+04
    2.62925e+03     1.11813e+00     9.88800e-02     3.72710e+04
    2.62935e+03     1.10769e+00     1.00704e-01     3.69230e+04
    2.62945e+03     1.10976e+00     1.00704e-01     3.69920e+04
    2.62955e+03     1.10397e+00     9.95760e-02     3.67990e+04
    2.62965e+03     1.10292e+00     1.00104e-01     3.67640e+04
    2.62975e+03     1.10289e+00     1.02648e-01     3.67630e+04
    2.62985e+03     1.08372e+00     9.98880e-02     3.61240e+04
    2.62995e+03     1.09791e+00     9.96960e-02     3.65970e+04
    2.63005e+03     1.07517e+00     9.75120e-02     3.58390e+04
    2.63015e+03     1.06974e+00     9.95760e-02     3.56580e+04
    2.63025e+03     1.07127e+00     9.93600e-02     3.57090e+04
    2.63035e+03     1.05717e+00     1.02504e-01     3.52390e+04
    2.63045e+03     1.06299e+00     1.01424e-01     3.54330e+04
    2.63055e+03     1.05852e+00     9.96480e-02     3.52840e+04
    2.63065e+03     1.05819e+00     1.03056e-01     3.52730e+04
    2.63075e+03     1.07241e+00     1.01784e-01     3.57470e+04
    2.63085e+03     1.05747e+00     1.01880e-01     3.52490e+04
    2.63095e+03     1.06275e+00     9.94320e-02     3.54250e+04
    2.63105e+03     1.05723e+00     1.00752e-01     3.52410e+04
    2.63115e+03     1.06341e+00     1.00776e-01     3.54470e+04
    2.63125e+03     1.05450e+00     9.88080e-02     3.51500e+04
    2.63135e+03     1.05606e+00     1.02216e-01     3.52020e+04
    2.63145e+03     1.05852e+00     1.03800e-01     3.52840e+04
    2.63155e+03     1.05777e+00     9.85680e-02     3.52590e+04
    2.63165e+03     1.05237e+00     9.84240e-02     3.50790e+04
    2.63175e+03     1.05759e+00     1.02312e-01     3.52530e+04
    2.63185e+03     1.05159e+00     9.95280e-02     3.50530e+04
    2.63195e+03     1.05516e+00     9.93120e-02     3.51720e+04
    2.63205e+03     1.06878e+00     1.03824e-01     3.56260e+04
    2.63215e+03     1.04859e+00     9.93840e-02     3.49530e+04
    2.63225e+03     1.05045e+00     9.77280e-02     3.50150e+04
    2.63235e+03     1.05420e+00     9.83520e-02     3.51400e+04
    2.63245e+03     1.06533e+00     1.00560e-01     3.55110e+04
    2.63255e+03     1.05918e+00     9.65520e-02     3.53060e+04
    2.63265e+03     1.05552e+00     9.93360e-02     3.51840e+04
    2.63275e+03     1.05735e+00     1.00128e-01     3.52450e+04
    2.63285e+03     1.06149e+00     9.86640e-02     3.53830e+04
    2.63295e+03     1.05699e+00     9.73920e-02     3.52330e+04
    2.63305e+03     1.05210e+00     1.01040e-01     3.50700e+04
    2.63315e+03     1.04970e+00     1.00464e-01     3.49900e+04
    2.63325e+03     1.05972e+00     1.02744e-01     3.53240e+04
    2.63335e+03     1.06461e+00     1.00824e-01     3.54870e+04
    2.63345e+03     1.06440e+00     1.02408e-01     3.54800e+04
    2.63355e+03     1.05537e+00     1.00176e-01     3.51790e+04
    2.63365e+03     1.06269e+00     1.01496e-01     3.54230e+04
    2.63375e+03     1.05990e+00     9.70320e-02     3.53300e+04
    2.63385e+03     1.05828e+00     9.89040e-02     3.52760e+04
    2.63395e+03     1.04730e+00     1.00992e-01     3.49100e+04
    2.63405e+03     1.05588e+00     1.00368e-01     3.51960e+04
    2.63415e+03     1.05714e+00     1.00872e-01     3.52380e+04
    2.63425e+03     1.04892e+00     1.00824e-01     3.49640e+04
    2.63435e+03     1.04754e+00     9.77760e-02     3.49180e+04
    2.63445e+03     1.03419e+00     9.88800e-02     3.44730e+04
    2.63455e+03     1.04001e+00     9.94320e-02     3.46670e+04
    2.63465e+03     1.04421e+00     9.98640e-02     3.48070e+04
    2.63475e+03     1.05321e+00     1.00032e-01     3.51070e+04
    2.63485e+03     1.04367e+00     9.90480e-02     3.47890e+04
    2.63495e+03     1.03725e+00     9.70080e-02     3.45750e+04
