    2.57505e+03     9.99840e-01     1.00080e-01     3.33280e+04
    2.57515e+03     1.01688e+00     1.04808e-01     3.38960e+04
    2.57525e+03     1.00653e+00     1.00392e-01     3.35510e+04
    2.57535e+03     1.00302e+00     9.86160e-02     3.34340e+04
    2.57545e+03     1.00077e+00     1.02168e-01     3.33590e+04
    2.57555e+03     1.00344e+00     1.01352e-01     3.34480e+04
    2.57565e+03     1.00215e+00     1.02048e-01     3.34050e+04
    2.57575e+03     9.95970e-01     9.73440e-02     3.31990e+04
    2.57585e+03     1.00257e+00     9.78240e-02     3.34190e+04
    2.57595e+03     1.00842e+00     1.00848e-01     3.36140e+04
    2.57605e+03     1.01490e+00     1.01880e-01     3.38300e+04
    2.57615e+03     1.00056e+00     9.96480e-02     3.33520e+04
    2.57625e+03     1.00128e+00     1.01208e-01     3.33760e+04
    2.57635e+03     9.97650e-01     9.89280e-02     3.32550e+04
    2.57645e+03     1.00428e+00     1.01064e-01     3.34760e+04
    2.57655e+03     9.98460e-01     1.00176e-01     3.32820e+04
    2.57665e+03     1.00524e+00     1.00392e-01     3.35080e+04
    2.57675e+03     9.92250e-01     1.00560e-01     3.30750e+04
    2.57685e+03     1.00548e+00     1.00176e-01     3.35160e+04
    2.57695e+03     1.00119e+00     1.01712e-01     3.33730e+04
    2.57705e+03     9.93720e-01     9.71040e-02     3.31240e+04
    2.57715e+03     1.00344e+00     9.97920e-02     3.34480e+04
    2.57725e+03     9.95340e-01     1.00440e-01     3.31780e+04
    2.57735e+03     1.00689e+00     1.02240e-01     3.35630e+04
    2.57745e+03     1.00155e+00     9.96720e-02     3.33850e+04
    2.57755e+03     1.00812e+00     1.01784e-01     3.36040e+04
    2.57765e+03     9.99330e-01     1.00056e-01     3.33110e+04
    2.57775e+03     9.93450e-01     9.95040e-02     3.31150e+04
    2.57785e+03     9.94380e-01     9.76080e-02     3.31460e+04
    2.57795e+03     1.00518e+00     1.00392e-01     3.35060e+04
    2.57805e+03     1.00383e+00     1.03368e-01     3.34610e+04
    2.57815e+03     1.00392e+00     1.00440e-01     3.34640e+04
    2.57825e+03     1.00203e+00     1.03056e-01     3.34010e+04
    2.57835e+03     9.85440e-01     1.01544e-01     3.28480e+04
    2.57845e+03     9.98010e-01     9.90720e-02     3.32670e+04
    2.57855e+03     1.00416e+00     1.00416e-01     3.34720e+04
    2.57865e+03     1.00410e+00     1.01184e-01     3.34700e+04
    2.57875e+03     1.00503e+00     9.91200e-02     3.35010e+04
    2.57885e+03     1.00983e+00     1.01064e-01     3.36610e+04
    2.57895e+03     1.00062e+00     1.00752e-01     3.33540e+04
    2.57905e+03     1.01307e+00     1.00368e-01     3.37690e+04
    2.57915e+03     9.95520e-01     9.99600e-02     3.31840e+04
    2.57925e+03     1.00983e+00     1.02552e-01     3.36610e+04
    2.57935e+03     1.00395e+00     1.00344e-01     3.34650e+04
    2.57945e+03     1.00002e+00     9.97680e-02     3.33340e+04
    2.57955e+03     1.00743e+00     9.97200e-02     3.35810e+04
    2.57965e+03     1.00344e+00     1.01352e-01     3.34480e+04
    2.57975e+03     1.00137e+00     1.00464e-01     3.33790e+04
    2.57985e+03     1.00434e+00     1.02240e-01     3.34780e+04
    2.57995e+03     1.00293e+00     1.00968e-01     3.34310e+04
    2.58005e+03     9.91530e-01     1.00248e-01     3.30510e+04
    2.58015e+03     1.00362e+00     1.01616e-01     3.34540e+04
    2.58025e+03     9.99240e-01     1.02984e-01     3.33080e+04
    2.58035e+03     1.00134e+00     1.00920e-01     3.33780e+04
    2.58045e+03     1.00155e+00     1.00512e-01     3.33850e+04
    2.58055e+03     1.00584e+00     1.01880e-01     3.35280e+04
    2.58065e+03     9.99810e-01     1.01376e-01     3.33270e+04
    2.58075e+03     9.95580e-01     9.86880e-02     3.31860e+04
    2.58085e+03     9.98160e-01     1.00296e-01     3.32720e+04
    2.58095e+03     9.94950e-01     1.00224e-01     3.31650e+04
    2.58105e+03     9.96420e-01     9.96000e-02     3.32140e+04
    2.58115e+03     1.00557e+00     1.00920e-01     3.35190e+04
    2.58125e+03     1.00305e+00     1.00176e-01     3.34350e+04
    2.58135e+03     9.93540e-01     9.83280e-02     3.31180e+04
    2.58145e+03     1.00110e+00     9.89520e-02     3.33700e+04
    2.58155e+03     1.00968e+00     9.99120e-02     3.36560e+04
    2.58165e+03     1.00155e+00     1.03080e-01     3.33850e+04
    2.58175e+03     9.91290e-01     9.98880e-02     3.30430e+04
    2.58185e+03     1.00155e+00     9.85680e-02     3.33850e+04
    2.58195e+03     1.00191e+00     9.90000e-02     3.33970e+04
    2.58205e+03     9.94890e-01     9.66240e-02     3.31630e+04
    2.58215e+03     1.00215e+00     9.88320e-02     3.34050e+04
    2.58225e+03     1.00287e+00     9.77520e-02     3.34290e+04
    2.58235e+03     9.99630e-01     1.01664e-01     3.33210e+04
    2.58245e+03     1.01439e+00     1.02576e-01     3.38130e+04
    2.58255e+03     9.91110e-01     1.03680e-01     3.30370e+04
    2.58265e+03     9.98520e-01     9.95040e-02     3.32840e+04
    2.58275e+03     1.00353e+00     1.01424e-01     3.34510e+04
    2.58285e+03     9.92700e-01     9.98640e-02     3.30900e+04
    2.58295e+03     9.94500e-01     1.00536e-01     3.31500e+04
    2.58305e+03     9.95010e-01     9.80160e-02     3.31670e+04
    2.58315e+03     9.90390e-01     9.94800e-02     3.30130e+04
    2.58325e+03     9.92190e-01     1.01760e-01     3.30730e+04
    2.58335e+03     9.78210e-01     9.79680e-02     3.26070e+04
    2.58345e+03     9.86370e-01     1.00488e-01     3.28790e+04
    2.58355e+03     9.85470e-01     9.98640e-02     3.28490e+04
    2.58365e+03     9.77670e-01     9.74880e-02     3.25890e+04
    2.58375e+03     9.91110e-01     9.81840e-02     3.30370e+04
    2.58385e+03     9.83520e-01     1.00344e-01     3.27840e+04
    2.58395e+03     9.72750e-01     9.69600e-02     3.24250e+04
    2.58405e+03     9.67290e-01     9.65040e-02     3.22430e+04
    2.58415e+03     9.64020e-01     9.62640e-02     3.21340e+04
    2.58425e+03     9.46230e-01     9.46560e-02     3.15410e+04
    2.58435e+03     9.35670e-01     9.22560e-02     3.11890e+04
    2.58445e+03     9.35880e-01     9.23280e-02     3.11960e+04
    2.58455e+03     9.09660e-01     8.98800e-02     3.03220e+04
    2.58465e+03     8.86380e-01     9.00720e-02     2.95460e+04
    2.58475e+03     8.57190e-01     8.55120e-02     2.85730e+04
    2.58485e+03     8.17680e-01     8.16480e-02     2.72560e+04
    2.58495e+03     7.74090e-01     7.72560e-02     2.58030e+04
    2.58505e+03     7.03950e-01     6.84240e-02     2.34650e+04
    2.58515e+03     6.07530e-01     6.08640e-02     2.02510e+04
    2.58525e+03     5.01420e-01     4.86480e-02     1.67140e+04
    2.58535e+03     3.82080e-01     3.43440e-02     1.27360e+04
    2.58545e+03     2.45670e-01     2.17680e-02     8.18900e+03
    2.58555e+03     1.33530e-01     9.64800e-03     4.45100e+03
    2.58565e+03     7.99800e-02     4.80000e-03     2.66600e+03
    2.58575e+03     9.39300e-02     5.71200e-03     3.13100e+03
    2.58585e+03     2.84190e-01     2.46960e-02     9.47300e+03
    2.58595e+03     7.29540e-01     6.78480e-02     2.43180e+04
    2.58605e+03     9.85560e-01     9.17520e-02     3.28520e+04
    2.58615e+03     1.02678e+00     9.85440e-02     3.42260e+04
    2.58625e+03     1.04382e+00     9.94080e-02     3.47940e+04
    2.58635e+03     1.04637e+00     9.72480e-02     3.48790e+04
    2.58645e+03     1.04949e+00     9.91920e-02     3.49830e+04
    2.58655e+03     1.06431e+00     1.02840e-01     3.54770e+04
    2.58665e+03     1.06062e+00     1.01928e-01     3.53540e+04
    2.58675e+03     1.05798e+00     9.84960e-02     3.52660e+04
    2.58685e+03     1.05981e+00     9.88080e-02     3.53270e+04
    2.58695e+03     1.08015e+00     9.95520e-02     3.60050e+04
    2.58705e+03     1.07370e+00     9.99360e-02     3.57900e+04
    2.58715e+03     1.07652e+00     1.00320e-01     3.58840e+04
    2.58725e+03     1.05834e+00     9.72000e-02     3.52780e+04
    2.58735e+03     1.07010e+00     1.01352e-01     3.56700e+04
    2.58745e+03     1.06596e+00     9.89760e-02     3.55320e+04
    2.58755e+03     1.05948e+00     9.61680e-02     3.53160e+04
    2.58765e+03     1.03782e+00     9.66720e-02     3.45940e+04
    2.58775e+03     1.04133e+00     1.01856e-01     3.47110e+04
    2.58785e+03     1.03071e+00     1.00200e-01     3.43570e+04
    2.58795e+03     1.01949e+00     1.00176e-01     3.39830e+04
    2.58805e+03     1.01331e+00     9.80160e-02     3.37770e+04
    2.58815e+03     1.01103e+00     9.97680e-02     3.37010e+04
    2.58825e+03     1.02591e+00     1.00920e-01     3.41970e+04
    2.58835e+03     1.00935e+00     9.95520e-02     3.36450e+04
    2.58845e+03     1.01088e+00     9.78240e-02     3.36960e+04
    2.58855e+03     1.00413e+00     1.00680e-01     3.34710e+04
    2.58865e+03     1.00035e+00     9.96240e-02     3.33450e+04
    2.58875e+03     1.00539e+00     9.76800e-02     3.35130e+04
    2.58885e+03     1.01013e+00     9.82080e-02     3.36710e+04
    2.58895e+03     9.97110e-01     9.80400e-02     3.32370e+04
    2.58905e+03     9.93480e-01     9.91920e-02     3.31160e+04
    2.58915e+03     9.96720e-01     9.79680e-02     3.32240e+04
    2.58925e+03     1.00488e+00     1.01280e-01     3.34960e+04
    2.58935e+03     9.95160e-01     9.94560e-02     3.31720e+04
    2.58945e+03     1.00656e+00     1.02312e-01     3.35520e+04
    2.58955e+03     1.00176e+00     1.02240e-01     3.33920e+04
    2.58965e+03     9.98520e-01     9.94800e-02     3.32840e+04
    2.58975e+03     9.99420e-01     1.01544e-01     3.33140e+04
    2.58985e+03     1.00842e+00     1.00128e-01     3.36140e+04
    2.58995e+03     1.00047e+00     9.88080e-02     3.33490e+04
    2.59005e+03     1.00920e+00     9.96720e-02     3.36400e+04
    2.59015e+03     9.88170e-01     9.94080e-02     3.29390e+04
    2.59025e+03     1.00287e+00     9.90240e-02     3.34290e+04
    2.59035e+03     1.00806e+00     1.02624e-01     3.36020e+04
    2.59045e+03     1.00053e+00     1.00080e-01     3.33510e+04
    2.59055e+03     1.00581e+00     9.75120e-02     3.35270e+04
    2.59065e+03     9.98730e-01     9.77760e-02     3.32910e+04
    2.59075e+03     1.00140e+00     1.00920e-01     3.33800e+04
    2.59085e+03     1.00017e+00     1.00752e-01     3.33390e+04
    2.59095e+03     9.92100e-01     9.96000e-02     3.30700e+04
    2.59105e+03     9.99960e-01     1.00272e-01     3.33320e+04
    2.59115e+03     1.00368e+00     9.82320e-02     3.34560e+04
    2.59125e+03     9.94410e-01     9.94560e-02     3.31470e+04
    2.59135e+03     9.85320e-01     9.81600e-02     3.28440e+04
    2.59145e+03     9.96930e-01     9.74640e-02     3.32310e+04
    2.59155e+03     9.99480e-01     1.02792e-01     3.33160e+04
    2.59165e+03     9.95190e-01     9.93360e-02     3.31730e+04
    2.59175e+03     9.99900e-01     9.91200e-02     3.33300e+04
    2.59185e+03     9.94080e-01     1.00968e-01     3.31360e+04
    2.59195e+03     9.99300e-01     9.86400e-02     3.33100e+04
    2.59205e+03     1.00137e+00     9.82800e-02     3.33790e+04
    2.59215e+03     1.00275e+00     1.00656e-01     3.34250e+04
    2.59225e+03     1.00314e+00     9.84240e-02     3.34380e+04
    2.59235e+03     9.92220e-01     9.89280e-02     3.30740e+04
    2.59245e+03     1.00653e+00     1.01472e-01     3.35510e+04
    2.59255e+03     1.00254e+00     9.98160e-02     3.34180e+04
    2.59265e+03     1.00287e+00     1.03680e-01     3.34290e+04
    2.59275e+03     9.99480e-01     9.95520e-02     3.33160e+04
    2.59285e+03     9.98280e-01     9.96720e-02     3.32760e+04
    2.59295e+03     9.99750e-01     1.00248e-01     3.33250e+04
    2.59305e+03     9.94920e-01     1.00896e-01     3.31640e+04
    2.59315e+03     9.91560e-01     9.90960e-02     3.30520e+04
    2.59325e+03     9.89580e-01     9.83760e-02     3.29860e+04
    2.59335e+03     1.00041e+00     1.01952e-01     3.33470e+04
    2.59345e+03     9.96150e-01     9.96240e-02     3.32050e+04
    2.59355e+03     1.00152e+00     9.92880e-02     3.33840e+04
    2.59365e+03     1.00383e+00     9.99840e-02     3.34610e+04
    2.59375e+03     1.00227e+00     9.95760e-02     3.34090e+04
    2.59385e+03     9.95670e-01     9.74160e-02     3.31890e+04
    2.59395e+03     9.97290e-01     1.00920e-01     3.32430e+04
    2.59405e+03     1.00935e+00     1.03224e-01     3.36450e+04
    2.59415e+03     1.00065e+00     1.00272e-01     3.33550e+04
    2.59425e+03     9.99030e-01     9.95520e-02     3.33010e+04
    2.59435e+03     9.87120e-01     9.50880e-02     3.29040e+04
    2.59445e+03     1.00437e+00     1.00680e-01     3.34790e+04
    2.59455e+03     9.95610e-01     9.70320e-02     3.31870e+04
    2.59465e+03     1.00341e+00     1.01208e-01     3.34470e+04
    2.59475e+03     1.00476e+00     1.01592e-01     3.34920e+04
    2.59485e+03     1.01067e+00     1.00632e-01     3.36890e+04
    2.59495e+03     1.00212e+00     1.00008e-01     3.34040e+04
    2.59505e+03     1.00071e+00     9.91680e-02     3.33570e+04
    2.59515e+03     1.00200e+00     9.92640e-02     3.34000e+04
    2.59525e+03     9.98730e-01     9.63360e-02     3.32910e+04
    2.59535e+03     1.00530e+00     1.00080e-01     3.35100e+04
    2.59545e+03     1.00344e+00     9.93600e-02     3.34480e+04
    2.59555e+03     9.95760e-01     9.93600e-02     3.31920e+04
    2.59565e+03     9.90690e-01     9.70800e-02     3.30230e+04
    2.59575e+03     1.00326e+00     1.01472e-01     3.34420e+04
    2.59585e+03     9.98100e-01     1.00704e-01     3.32700e+04
    2.59595e+03     1.00368e+00     9.94080e-02     3.34560e+04
    2.59605e+03     1.00122e+00     9.92160e-02     3.33740e+04
    2.59615e+03     1.00161e+00     9.91920e-02     3.33870e+04
    2.59625e+03     9.84630e-01     1.00032e-01     3.28210e+04
    2.59635e+03     9.96780e-01     9.99120e-02     3.32260e+04
    2.59645e+03     9.73140e-01     9.50160e-02     3.24380e+04
    2.59655e+03     9.76050e-01     9.78240e-02     3.25350e+04
    2.59665e+03     9.70470e-01     9.45120e-02     3.23490e+04
    2.59675e+03     9.65100e-01     9.63120e-02     3.21700e+04
    2.59685e+03     9.67290e-01     9.75840e-02     3.22430e+04
    2.59695e+03     9.62850e-01     9.65520e-02     3.20950e+04
    2.59705e+03     9.59220e-01     9.70800e-02     3.19740e+04
    2.59715e+03     9.54690e-01     9.51360e-02     3.18230e+04
    2.59725e+03     9.37500e-01     9.34800e-02     3.12500e+04
    2.59735e+03     9.26520e-01     9.08400e-02     3.08840e+04
    2.59745e+03     9.20700e-01     9.16560e-02     3.06900e+04
    2.59755e+03     9.01470e-01     9.13440e-02     3.00490e+04
    2.59765e+03     8.70450e-01     8.47200e-02     2.90150e+04
    2.59775e+03     8.52480e-01     8.47200e-02     2.84160e+04
    2.59785e+03     8.24070e-01     7.77360e-02     2.74690e+04
    2.59795e+03     7.93560e-01     7.58880e-02     2.64520e+04
    2.59805e+03     7.39560e-01     7.24080e-02     2.46520e+04
    2.59815e+03     6.90840e-01     6.54480e-02     2.30280e+04
    2.59825e+03     6.26970e-01     5.89440e-02     2.08990e+04
    2.59835e+03     5.50410e-01     5.26800e-02     1.83470e+04
    2.59845e+03     4.55940e-01     3.92400e-02     1.51980e+04
    2.59855e+03     3.58890e-01     2.78160e-02     1.19630e+04
    2.59865e+03     2.74320e-01     1.77840e-02     9.14400e+03
    2.59875e+03     1.95360e-01     8.73600e-03     6.51200e+03
    2.59885e+03     1.46820e-01     3.04800e-03     4.89400e+03
    2.59895e+03     1.33380e-01     5.76000e-04     4.44600e+03
    2.59905e+03     1.35810e-01     2.40000e-05     4.52700e+03
    2.59915e+03     1.46670e-01     0.00000e+00     4.88900e+03
    2.59925e+03     1.61070e-01     0.00000e+00     5.36900e+03
    2.59935e+03     1.79850e-01     5.76000e-04     5.99500e+03
    2.59945e+03     4.12020e-01     2.00640e-02     1.37340e+04
    2.59955e+03     9.30030e-01     7.00800e-02     3.10010e+04
    2.59965e+03     1.13451e+00     8.99760e-02     3.78170e+04
    2.59975e+03     1.19634e+00     9.08640e-02     3.98780e+04
    2.59985e+03     1.22892e+00     9.34800e-02     4.09640e+04
    2.59995e+03     1.25019e+00     9.79680e-02     4.16730e+04
    2.60005e+03     1.27911e+00     9.56880e-02     4.26370e+04
    2.60015e+03     1.33374e+00     9.78240e-02     4.44580e+04
    2.60025e+03     1.32543e+00     1.01400e-01     4.41810e+04
    2.60035e+03     1.33365e+00     9.85920e-02     4.44550e+04
    2.60045e+03     1.34352e+00     9.93840e-02     4.47840e+04
    2.60055e+03     1.38120e+00     9.96240e-02     4.60400e+04
    2.60065e+03     1.39836e+00     1.01304e-01     4.66120e+04
    2.60075e+03     1.41906e+00     9.84000e-02     4.73020e+04
    2.60085e+03     1.42590e+00     9.87120e-02     4.75300e+04
    2.60095e+03     1.39761e+00     9.73920e-02     4.65870e+04
    2.60105e+03     1.34961e+00     9.84480e-02     4.49870e+04
    2.60115e+03     1.27659e+00     1.01856e-01     4.25530e+04
    2.60125e+03     1.21497e+00     1.00056e-01     4.04990e+04
    2.60135e+03     1.19103e+00     9.93360e-02     3.97010e+04
    2.60145e+03     1.15734e+00     9.81600e-02     3.85780e+04
    2.60155e+03     1.14225e+00     9.71760e-02     3.80750e+04
    2.60165e+03     1.09755e+00     9.86640e-02     3.65850e+04
    2.60175e+03     1.08888e+00     1.01400e-01     3.62960e+04
    2.60185e+03     1.07151e+00     1.00632e-01     3.57170e+04
    2.60195e+03     1.04961e+00     9.74880e-02     3.49870e+04
    2.60205e+03     1.04259e+00     9.93360e-02     3.47530e+04
    2.60215e+03     1.03116e+00     9.84720e-02     3.43720e+04
    2.60225e+03     1.03230e+00     1.01064e-01     3.44100e+04
    2.60235e+03     1.01793e+00     9.78000e-02     3.39310e+04
    2.60245e+03     1.01724e+00     1.00848e-01     3.39080e+04
    2.60255e+03     1.02267e+00     9.84480e-02     3.40890e+04
    2.60265e+03     1.01073e+00     9.71280e-02     3.36910e+04
    2.60275e+03     1.02363e+00     1.02768e-01     3.41210e+04
    2.60285e+03     1.00908e+00     1.00968e-01     3.36360e+04
    2.60295e+03     1.00842e+00     9.89520e-02     3.36140e+04
    2.60305e+03     1.00233e+00     9.84720e-02     3.34110e+04
    2.60315e+03     1.00815e+00     1.03008e-01     3.36050e+04
    2.60325e+03     1.00101e+00     1.01448e-01     3.33670e+04
    2.60335e+03     9.97260e-01     9.58800e-02     3.32420e+04
    2.60345e+03     1.01697e+00     1.00416e-01     3.38990e+04
    2.60355e+03     9.88230e-01     1.00512e-01     3.29410e+04
    2.60365e+03     1.00623e+00     1.00224e-01     3.35410e+04
    2.60375e+03     1.00878e+00     1.01736e-01     3.36260e+04
    2.60385e+03     9.94650e-01     9.72960e-02     3.31550e+04
    2.60395e+03     9.93510e-01     9.99120e-02     3.31170e+04
    2.60405e+03     1.00278e+00     1.00848e-01     3.34260e+04
    2.60415e+03     9.91470e-01     9.91200e-02     3.30490e+04
    2.60425e+03     1.00146e+00     9.99120e-02     3.33820e+04
    2.60435e+03     9.91410e-01     9.81360e-02     3.30470e+04
    2.60445e+03     9.99660e-01     9.94800e-02     3.33220e+04
    2.60455e+03     1.01061e+00     1.01232e-01     3.36870e+04
    2.60465e+03     9.99330e-01     9.76800e-02     3.33110e+04
    2.60475e+03     1.00839e+00     1.01496e-01     3.36130e+04
    2.60485e+03     1.00047e+00     9.90960e-02     3.33490e+04
    2.60495e+03     1.00044e+00     1.00056e-01     3.33480e+04
    2.60505e+03     9.95280e-01     9.97440e-02     3.31760e+04
    2.60515e+03     1.01256e+00     1.02672e-01     3.37520e+04
    2.60525e+03     9.98490e-01     9.91920e-02     3.32830e+04
    2.60535e+03     9.98910e-01     1.01328e-01     3.32970e+04
    2.60545e+03     9.94110e-01     9.87120e-02     3.31370e+04
    2.60555e+03     9.97320e-01     9.95520e-02     3.32440e+04
    2.60565e+03     9.97530e-01     9.72960e-02     3.32510e+04
    2.60575e+03     9.94410e-01     9.86640e-02     3.31470e+04
    2.60585e+03     1.00254e+00     9.99360e-02     3.34180e+04
    2.60595e+03     9.97170e-01     9.92160e-02     3.32390e+04
    2.60605e+03     9.99810e-01     9.97440e-02     3.33270e+04
    2.60615e+03     9.89280e-01     1.00392e-01     3.29760e+04
    2.60625e+03     9.88110e-01     9.93600e-02     3.29370e+04
    2.60635e+03     9.96780e-01     9.94560e-02     3.32260e+04
    2.60645e+03     1.00494e+00     1.01088e-01     3.34980e+04
    2.60655e+03     9.93390e-01     9.98640e-02     3.31130e+04
    2.60665e+03     9.94860e-01     9.80640e-02     3.31620e+04
    2.60675e+03     9.99540e-01     1.00152e-01     3.33180e+04
    2.60685e+03     9.96360e-01     9.64080e-02     3.32120e+04
    2.60695e+03     1.00785e+00     9.86640e-02     3.35950e+04
    2.60705e+03     9.98550e-01     9.86160e-02     3.32850e+04
    2.60715e+03     1.00407e+00     1.01160e-01     3.34690e+04
    2.60725e+03     9.92460e-01     1.00656e-01     3.30820e+04
    2.60735e+03     1.00068e+00     1.01976e-01     3.33560e+04
    2.60745e+03     1.00035e+00     9.81600e-02     3.33450e+04
    2.60755e+03     9.96690e-01     1.00752e-01     3.32230e+04
    2.60765e+03     1.00026e+00     9.68400e-02     3.33420e+04
    2.60775e+03     1.00986e+00     1.00368e-01     3.36620e+04
    2.60785e+03     1.00386e+00     9.66000e-02     3.34620e+04
    2.60795e+03     1.00362e+00     9.75840e-02     3.34540e+04
    2.60805e+03     9.99300e-01     1.02192e-01     3.33100e+04
    2.60815e+03     1.00089e+00     1.03008e-01     3.33630e+04
    2.60825e+03     9.96900e-01     1.00104e-01     3.32300e+04
    2.60835e+03     9.94050e-01     1.01064e-01     3.31350e+04
    2.60845e+03     9.97470e-01     1.01160e-01     3.32490e+04
    2.60855e+03     9.92010e-01     1.01160e-01     3.30670e+04
    2.60865e+03     9.97440e-01     1.00440e-01     3.32480e+04
    2.60875e+03     1.00599e+00     9.92640e-02     3.35330e+04
    2.60885e+03     1.00014e+00     1.02048e-01     3.33380e+04
    2.60895e+03     1.00059e+00     1.00704e-01     3.33530e+04
    2.60905e+03     1.00383e+00     1.01736e-01     3.34610e+04
    2.60915e+03     9.97260e-01     9.74400e-02     3.32420e+04
    2.60925e+03     1.00500e+00     9.99360e-02     3.35000e+04
    2.60935e+03     1.00458e+00     1.00800e-01     3.34860e+04
    2.60945e+03     1.00080e+00     1.01088e-01     3.33600e+04
    2.60955e+03     1.00368e+00     1.01448e-01     3.34560e+04
    2.60965e+03     9.98640e-01     1.01280e-01     3.32880e+04
    2.60975e+03     1.00539e+00     1.00152e-01     3.35130e+04
    2.60985e+03     1.00032e+00     1.00176e-01     3.33440e+04
    2.60995e+03     1.00707e+00     9.94080e-02     3.35690e+04
    2.61005e+03     9.92460e-01     9.94320e-02     3.30820e+04
    2.61015e+03     1.00548e+00     9.93840e-02     3.35160e+04
    2.61025e+03     9.94650e-01     1.02384e-01     3.31550e+04
    2.61035e+03     1.00524e+00     1.00704e-01     3.35080e+04
    2.61045e+03     9.93030e-01     9.80640e-02     3.31010e+04
    2.61055e+03     1.00599e+00     9.89760e-02     3.35330e+04
    2.61065e+03     1.00224e+00     1.00992e-01     3.34080e+04
    2.61075e+03     1.00470e+00     1.00488e-01     3.34900e+04
    2.61085e+03     1.00317e+00     9.85680e-02     3.34390e+04
    2.61095e+03     1.01934e+00     1.01472e-01     3.39780e+04
    2.61105e+03     1.01919e+00     9.76800e-02     3.39730e+04
    2.61115e+03     1.02378e+00     1.00272e-01     3.41260e+04
    2.61125e+03     1.02282e+00     1.02048e-01     3.40940e+04
    2.61135e+03     1.03338e+00     1.00056e-01     3.44460e+04
    2.61145e+03     1.04931e+00     1.00608e-01     3.49770e+04
    2.61155e+03     1.05807e+00     9.93600e-02     3.52690e+04
    2.61165e+03     1.09134e+00     1.00200e-01     3.63780e+04
    2.61175e+03     1.15623e+00     9.77280e-02     3.85410e+04
    2.61185e+03     1.20300e+00     9.85680e-02     4.01000e+04
    2.61195e+03     1.18314e+00     1.00584e-01     3.94380e+04
    2.61205e+03     1.18368e+00     9.88320e-02     3.94560e+04
    2.61215e+03     1.19997e+00     1.00776e-01     3.99990e+04
    2.61225e+03     1.18866e+00     1.00608e-01     3.96220e+04
    2.61235e+03     1.18533e+00     9.83760e-02     3.95110e+04
    2.61245e+03     1.18851e+00     1.00320e-01     3.96170e+04
    2.61255e+03     1.18173e+00     1.01712e-01     3.93910e+04
    2.61265e+03     1.18668e+00     1.00536e-01     3.95560e+04
    2.61275e+03     1.19625e+00     9.97680e-02     3.98750e+04
    2.61285e+03     1.18062e+00     9.71760e-02     3.93540e+04
    2.61295e+03     1.20069e+00     9.69840e-02     4.00230e+04
    2.61305e+03     1.18485e+00     9.93600e-02     3.94950e+04
    2.61315e+03     1.18659e+00     9.93360e-02     3.95530e+04
    2.61325e+03     1.18845e+00     9.98400e-02     3.96150e+04
    2.61335e+03     1.18011e+00     1.00560e-01     3.93370e+04
    2.61345e+03     1.18851e+00     9.87360e-02     3.96170e+04
    2.61355e+03     1.14801e+00     9.91200e-02     3.82670e+04
    2.61365e+03     1.08054e+00     9.77040e-02     3.60180e+04
    2.61375e+03     1.06902e+00     1.02504e-01     3.56340e+04
    2.61385e+03     1.05060e+00     1.03488e-01     3.50200e+04
    2.61395e+03     1.03104e+00     9.75840e-02     3.43680e+04
    2.61405e+03     1.01934e+00     9.80400e-02     3.39780e+04
    2.61415e+03     1.01376e+00     9.48480e-02     3.37920e+04
    2.61425e+03     1.02207e+00     1.05240e-01     3.40690e+04
    2.61435e+03     1.00995e+00     9.85680e-02     3.36650e+04
    2.61445e+03     1.00266e+00     9.62160e-02     3.34220e+04
    2.61455e+03     1.01031e+00     9.89040e-02     3.36770e+04
    2.61465e+03     1.00248e+00     1.00176e-01     3.34160e+04
    2.61475e+03     1.00809e+00     1.01736e-01     3.36030e+04
    2.61485e+03     9.99750e-01     9.90960e-02     3.33250e+04
    2.61495e+03     1.00431e+00     1.00080e-01     3.34770e+04
    2.61505e+03     1.00215e+00     9.84480e-02     3.34050e+04
    2.61515e+03     1.00404e+00     1.00368e-01     3.34680e+04
    2.61525e+03     9.97140e-01     9.84000e-02     3.32380e+04
    2.61535e+03     1.00413e+00     9.94320e-02     3.34710e+04
    2.61545e+03     1.00404e+00     1.00968e-01     3.34680e+04
    2.61555e+03     9.89340e-01     9.91920e-02     3.29780e+04
    2.61565e+03     9.92700e-01     9.83520e-02     3.30900e+04
    2.61575e+03     9.97860e-01     1.01976e-01     3.32620e+04
    2.61585e+03     9.94050e-01     9.98160e-02     3.31350e+04
    2.61595e+03     9.94020e-01     1.00080e-01     3.31340e+04
    2.61605e+03     9.96210e-01     1.00056e-01     3.32070e+04
    2.61615e+03     9.94890e-01     9.93360e-02     3.31630e+04
    2.61625e+03     9.95490e-01     9.97440e-02     3.31830e+04
    2.61635e+03     9.96810e-01     1.00824e-01     3.32270e+04
    2.61645e+03     9.96150e-01     1.01088e-01     3.32050e+04
    2.61655e+03     9.97950e-01     9.99360e-02     3.32650e+04
    2.61665e+03     1.00557e+00     9.75360e-02     3.35190e+04
    2.61675e+03     1.01319e+00     9.90240e-02     3.37730e+04
    2.61685e+03     1.01190e+00     9.95520e-02     3.37300e+04
    2.61695e+03     9.95100e-01     9.97680e-02     3.31700e+04
    2.61705e+03     1.00551e+00     9.81600e-02     3.35170e+04
    2.61715e+03     1.00605e+00     9.82320e-02     3.35350e+04
    2.61725e+03     9.98400e-01     9.84240e-02     3.32800e+04
    2.61735e+03     9.95400e-01     9.95040e-02     3.31800e+04
    2.61745e+03     1.01427e+00     9.83040e-02     3.38090e+04
    2.61755e+03     9.99060e-01     9.93840e-02     3.33020e+04
    2.61765e+03     1.00533e+00     1.01808e-01     3.35110e+04
    2.61775e+03     9.91290e-01     9.74160e-02     3.30430e+04
    2.61785e+03     1.01067e+00     1.00896e-01     3.36890e+04
    2.61795e+03     1.00071e+00     9.85440e-02     3.33570e+04
    2.61805e+03     1.00494e+00     1.00848e-01     3.34980e+04
    2.61815e+03     1.00107e+00     9.81840e-02     3.33690e+04
    2.61825e+03     1.00884e+00     9.95280e-02     3.36280e+04
    2.61835e+03     1.00521e+00     9.87120e-02     3.35070e+04
    2.61845e+03     9.94800e-01     9.95280e-02     3.31600e+04
    2.61855e+03     9.94920e-01     9.91440e-02     3.31640e+04
    2.61865e+03     9.95910e-01     1.00680e-01     3.31970e+04
    2.61875e+03     9.88950e-01     9.79200e-02     3.29650e+04
    2.61885e+03     9.93150e-01     1.00512e-01     3.31050e+04
    2.61895e+03     1.00710e+00     1.01040e-01     3.35700e+04
    2.61905e+03     1.00035e+00     1.00752e-01     3.33450e+04
    2.61915e+03     1.00860e+00     1.00128e-01     3.36200e+04
    2.61925e+03     1.00332e+00     1.02744e-01     3.34440e+04
    2.61935e+03     9.98490e-01     9.98400e-02     3.32830e+04
    2.61945e+03     9.95880e-01     1.00368e-01     3.31960e+04
    2.61955e+03     9.97380e-01     1.00848e-01     3.32460e+04
    2.61965e+03     9.98040e-01     1.00584e-01     3.32680e+04
    2.61975e+03     1.00476e+00     1.02864e-01     3.34920e+04
    2.61985e+03     1.00602e+00     1.03992e-01     3.35340e+04
    2.61995e+03     1.00395e+00     1.00224e-01     3.34650e+04
    2.62005e+03     9.90840e-01     9.87600e-02     3.30280e+04
    2.62015e+03     1.00404e+00     1.01184e-01     3.34680e+04
    2.62025e+03     9.95220e-01     1.01064e-01     3.31740e+04
    2.62035e+03     9.87450e-01     9.78480e-02     3.29150e+04
    2.62045e+03     9.96390e-01     9.82320e-02     3.32130e+04
    2.62055e+03     9.99960e-01     1.01040e-01     3.33320e+04
    2.62065e+03     9.97560e-01     1.02720e-01     3.32520e+04
    2.62075e+03     1.00800e+00     9.92640e-02     3.36000e+04
    2.62085e+03     1.00302e+00     9.84480e-02     3.34340e+04
    2.62095e+03     9.93180e-01     9.64800e-02     3.31060e+04
    2.62105e+03     9.92520e-01     1.00248e-01     3.30840e+04
    2.62115e+03     1.00209e+00     1.01568e-01     3.34030e+04
    2.62125e+03     1.00419e+00     1.01064e-01     3.34730e+04
    2.62135e+03     1.00068e+00     9.94080e-02     3.33560e+04
    2.62145e+03     1.00530e+00     9.92400e-02     3.35100e+04
    2.62155e+03     1.00080e+00     9.86640e-02     3.33600e+04
    2.62165e+03     1.00926e+00     9.84960e-02     3.36420e+04
    2.62175e+03     1.00464e+00     1.00728e-01     3.34880e+04
    2.62185e+03     9.99630e-01     1.00776e-01     3.33210e+04
    2.62195e+03     1.00914e+00     1.01448e-01     3.36380e+04
    2.62205e+03     9.96930e-01     1.00872e-01     3.32310e+04
    2.62215e+03     1.00467e+00     9.91200e-02     3.34890e+04
    2.62225e+03     9.90930e-01     9.77760e-02     3.30310e+04
    2.62235e+03     9.98670e-01     9.71760e-02     3.32890e+04
    2.62245e+03     9.99840e-01     1.00656e-01     3.33280e+04
    2.62255e+03     1.00332e+00     1.01688e-01     3.34440e+04
    2.62265e+03     9.95070e-01     9.98880e-02     3.31690e+04
    2.62275e+03     9.95760e-01     1.00632e-01     3.31920e+04
    2.62285e+03     9.93570e-01     9.90960e-02     3.31190e+04
    2.62295e+03     9.98190e-01     9.93120e-02     3.32730e+04
    2.62305e+03     1.00374e+00     1.00344e-01     3.34580e+04
    2.62315e+03     1.01388e+00     1.02456e-01     3.37960e+04
    2.62325e+03     1.00521e+00     1.01472e-01     3.35070e+04
    2.62335e+03     9.91650e-01     1.00272e-01     3.30550e+04
    2.62345e+03     1.00503e+00     9.97440e-02     3.35010e+04
    2.62355e+03     9.92940e-01     9.83280e-02     3.30980e+04
    2.62365e+03     9.98670e-01     1.00008e-01     3.32890e+04
    2.62375e+03     9.86190e-01     9.84000e-02     3.28730e+04
    2.62385e+03     1.01010e+00     1.03176e-01     3.36700e+04
    2.62395e+03     1.00806e+00     1.00344e-01     3.36020e+04
    2.62405e+03     1.00722e+00     1.02240e-01     3.35740e+04
    2.62415e+03     1.00878e+00     1.02744e-01     3.36260e+04
    2.62425e+03     1.00341e+00     1.01592e-01     3.34470e+04
    2.62435e+03     1.00329e+00     9.74160e-02     3.34430e+04
    2.62445e+03     1.00470e+00     1.02312e-01     3.34900e+04
    2.62455e+03     1.00311e+00     9.99120e-02     3.34370e+04
    2.62465e+03     1.01334e+00     1.00656e-01     3.37780e+04
    2.62475e+03     1.00098e+00     9.98640e-02     3.33660e+04
    2.62485e+03     1.00719e+00     9.90480e-02     3.35730e+04
    2.62495e+03     1.00860e+00     1.00080e-01     3.36200e+04
    2.62505e+03     1.02069e+00     1.00320e-01     3.40230e+04
    2.62515e+03     1.01697e+00     9.96960e-02     3.38990e+04
    2.62525e+03     1.03407e+00     9.97440e-02     3.44690e+04
    2.62535e+03     1.04997e+00     9.89760e-02     3.49990e+04
    2.62545e+03     1.07547e+00     1.00320e-01     3.58490e+04
    2.62555e+03     1.16610e+00     9.81120e-02     3.88700e+04
    2.62565e+03     1.22904e+00     1.01424e-01     4.09680e+04
    2.62575e+03     1.22334e+00     1.01784e-01     4.07780e+04
    2.62585e+03     1.23489e+00     1.00872e-01     4.11630e+04
    2.62595e+03     1.22529e+00     1.01568e-01     4.08430e+04
    2.62605e+03     1.22166e+00     1.01136e-01     4.07220e+04
    2.62615e+03     1.22415e+00     9.75360e-02     4.08050e+04
    2.62625e+03     1.21896e+00     9.83040e-02     4.06320e+04
    2.62635e+03     1.23042e+00     1.00224e-01     4.10140e+04
    2.62645e+03     1.24389e+00     1.01232e-01     4.14630e+04
    2.62655e+03     1.22634e+00     1.01208e-01     4.08780e+04
    2.62665e+03     1.22187e+00     1.00608e-01     4.07290e+04
    2.62675e+03     1.22361e+00     1.00440e-01     4.07870e+04
    2.62685e+03     1.22295e+00     9.87600e-02     4.07650e+04
    2.62695e+03     1.22094e+00     9.91680e-02     4.06980e+04
    2.62705e+03     1.23225e+00     1.02288e-01     4.10750e+04
    2.62715e+03     1.22037e+00     1.01136e-01     4.06790e+04
    2.62725e+03     1.23042e+00     9.95760e-02     4.10140e+04
    2.62735e+03     1.16037e+00     1.01784e-01     3.86790e+04
    2.62745e+03     1.07232e+00     1.00584e-01     3.57440e+04
    2.62755e+03     1.05303e+00     1.00704e-01     3.51010e+04
    2.62765e+03     1.03485e+00     9.84000e-02     3.44950e+04
    2.62775e+03     1.02792e+00     9.98880e-02     3.42640e+04
    2.62785e+03     1.02021e+00     1.01568e-01     3.40070e+04
    2.62795e+03     1.02276e+00     9.92400e-02     3.40920e+04
    2.62805e+03     1.00323e+00     9.92640e-02     3.34410e+04
    2.62815e+03     1.01238e+00     1.01952e-01     3.37460e+04
    2.62825e+03     1.01181e+00     1.01064e-01     3.37270e+04
    2.62835e+03     1.00878e+00     1.02144e-01     3.36260e+04
    2.62845e+03     9.94980e-01     9.91920e-02     3.31660e+04
    2.62855e+03     1.00173e+00     1.02576e-01     3.33910e+04
    2.62865e+03     9.94440e-01     9.86160e-02     3.31480e+04
    2.62875e+03     9.99090e-01     9.89280e-02     3.33030e+04
    2.62885e+03     1.00020e+00     9.86400e-02     3.33400e+04
    2.62895e+03     1.00272e+00     1.01160e-01     3.34240e+04
    2.62905e+03     1.00110e+00     1.00512e-01     3.33700e+04
    2.62915e+03     9.98940e-01     1.01784e-01     3.32980e+04
    2.62925e+03     9.98880e-01     9.84480e-02     3.32960e+04
    2.62935e+03     1.00593e+00     1.00944e-01     3.35310e+04
    2.62945e+03     9.92940e-01     1.01376e-01     3.30980e+04
    2.62955e+03     1.00893e+00     1.02456e-01     3.36310e+04
    2.62965e+03     9.99510e-01     9.68640e-02     3.33170e+04
    2.62975e+03     1.00011e+00     1.00536e-01     3.33370e+04
    2.62985e+03     1.01622e+00     1.01448e-01     3.38740e+04
    2.62995e+03     9.91860e-01     1.00992e-01     3.30620e+04
    2.63005e+03     1.00428e+00     1.01160e-01     3.34760e+04
    2.63015e+03     1.00872e+00     9.78240e-02     3.36240e+04
    2.63025e+03     1.00443e+00     1.00032e-01     3.34810e+04
    2.63035e+03     9.97680e-01     9.87600e-02     3.32560e+04
    2.63045e+03     1.00629e+00     9.93360e-02     3.35430e+04
    2.63055e+03     1.00854e+00     1.01760e-01     3.36180e+04
    2.63065e+03     1.00995e+00     1.00824e-01     3.36650e+04
    2.63075e+03     1.01562e+00     1.00320e-01     3.38540e+04
    2.63085e+03     1.01610e+00     1.03032e-01     3.38700e+04
    2.63095e+03     1.02300e+00     9.84480e-02     3.41000e+04
    2.63105e+03     1.03530e+00     9.97680e-02     3.45100e+04
    2.63115e+03     1.05246e+00     1.00272e-01     3.50820e+04
    2.63125e+03     1.10166e+00     1.01808e-01     3.67220e+04
    2.63135e+03     1.08996e+00     1.00776e-01     3.63320e+04
    2.63145e+03     1.10469e+00     1.02048e-01     3.68230e+04
    2.63155e+03     1.09674e+00     9.89280e-02     3.65580e+04
    2.63165e+03     1.09356e+00     9.95280e-02     3.64520e+04
    2.63175e+03     1.09344e+00     1.01736e-01     3.64480e+04
    2.63185e+03     1.09302e+00     9.80880e-02     3.64340e+04
    2.63195e+03     1.09146e+00     1.01376e-01     3.63820e+04
    2.63205e+03     1.10298e+00     1.01592e-01     3.67660e+04
    2.63215e+03     1.10538e+00     9.96720e-02     3.68460e+04
    2.63225e+03     1.09191e+00     9.88800e-02     3.63970e+04
    2.63235e+03     1.09638e+00     9.88800e-02     3.65460e+04
    2.63245e+03     1.09413e+00     9.89520e-02     3.64710e+04
    2.63255e+03     1.09119e+00     1.00032e-01     3.63730e+04
    2.63265e+03     1.09356e+00     9.80640e-02     3.64520e+04
    2.63275e+03     1.10187e+00     1.00488e-01     3.67290e+04
    2.63285e+03     1.09056e+00     9.94560e-02     3.63520e+04
    2.63295e+03     1.10496e+00     1.00752e-01     3.68320e+04
    2.63305e+03     1.06431e+00     9.99360e-02     3.54770e+04
    2.63315e+03     1.03605e+00     9.72720e-02     3.45350e+04
    2.63325e+03     1.03281e+00     9.74160e-02     3.44270e+04
    2.63335e+03     1.03131e+00     1.03776e-01     3.43770e+04
    2.63345e+03     1.01511e+00     9.75360e-02     3.38370e+04
    2.63355e+03     1.00686e+00     9.93840e-02     3.35620e+04
    2.63365e+03     1.01616e+00     1.00296e-01     3.38720e+04
    2.63375e+03     1.00263e+00     9.92640e-02     3.34210e+04
    2.63385e+03     1.00788e+00     1.01472e-01     3.35960e+04
    2.63395e+03     1.00179e+00     9.92160e-02     3.33930e+04
    2.63405e+03     9.99870e-01     9.94080e-02     3.33290e+04
    2.63415e+03     9.95190e-01     9.84000e-02     3.31730e+04
    2.63425e+03     1.00683e+00     1.00392e-01     3.35610e+04
    2.63435e+03     1.00122e+00     1.00968e-01     3.33740e+04
    2.63445e+03     1.00452e+00     1.01184e-01     3.34840e+04
    2.63455e+03     9.94620e-01     1.00584e-01     3.31540e+04
    2.63465e+03     9.98640e-01     1.01088e-01     3.32880e+04
    2.63475e+03     1.00068e+00     9.72240e-02     3.33560e+04
    2.63485e+03     9.95940e-01     9.88080e-02     3.31980e+04
    2.63495e+03     9.96810e-01     1.00824e-01     3.32270e+04
