    2.57305e+03     1.00195e+00     9.98400e-02     3.13110e+04
    2.57315e+03     1.00294e+00     9.80480e-02     3.13420e+04
    2.57325e+03     9.95488e-01     1.00941e-01     3.11090e+04
    2.57335e+03     9.95776e-01     9.92256e-02     3.11180e+04
    2.57345e+03     1.00346e+00     9.68960e-02     3.13580e+04
    2.57355e+03     9.91296e-01     9.93536e-02     3.09780e+04
    2.57365e+03     1.00554e+00     1.01530e-01     3.14230e+04
    2.57375e+03     1.00077e+00     9.78944e-02     3.12740e+04
    2.57385e+03     9.90816e-01     1.01939e-01     3.09630e+04
    2.57395e+03     9.98560e-01     9.92768e-02     3.12050e+04
    2.57405e+03     1.01101e+00     1.00045e-01     3.15940e+04
    2.57415e+03     1.00570e+00     9.86368e-02     3.14280e+04
    2.57425e+03     9.92832e-01     9.83808e-02     3.10260e+04
    2.57435e+03     1.00406e+00     9.90976e-02     3.13770e+04
    2.57445e+03     9.97568e-01     9.89952e-02     3.11740e+04
    2.57455e+03     9.97440e-01     1.01274e-01     3.11700e+04
    2.57465e+03     9.98752e-01     1.00122e-01     3.12110e+04
    2.57475e+03     9.93760e-01     9.99680e-02     3.10550e+04
    2.57485e+03     1.01341e+00     1.02118e-01     3.16690e+04
    2.57495e+03     9.99840e-01     9.81248e-02     3.12450e+04
    2.57505e+03     1.00294e+00     1.00941e-01     3.13420e+04
    2.57515e+03     1.00819e+00     1.00429e-01     3.15060e+04
    2.57525e+03     1.00006e+00     9.83296e-02     3.12520e+04
    2.57535e+03     1.00406e+00     1.00736e-01     3.13770e+04
    2.57545e+03     9.94848e-01     1.01120e-01     3.10890e+04
    2.57555e+03     1.01149e+00     1.03194e-01     3.16090e+04
    2.57565e+03     9.93568e-01     9.77152e-02     3.10490e+04
    2.57575e+03     9.96640e-01     9.94304e-02     3.11450e+04
    2.57585e+03     9.91296e-01     9.94048e-02     3.09780e+04
    2.57595e+03     9.93856e-01     9.68960e-02     3.10580e+04
    2.57605e+03     9.95840e-01     9.80736e-02     3.11200e+04
    2.57615e+03     9.97728e-01     1.01376e-01     3.11790e+04
    2.57625e+03     9.90720e-01     1.00198e-01     3.09600e+04
    2.57635e+03     9.91808e-01     9.93792e-02     3.09940e+04
    2.57645e+03     1.00611e+00     1.02400e-01     3.14410e+04
    2.57655e+03     1.00602e+00     1.00403e-01     3.14380e+04
    2.57665e+03     1.00243e+00     9.95840e-02     3.13260e+04
    2.57675e+03     1.00819e+00     1.01709e-01     3.15060e+04
    2.57685e+03     9.99840e-01     1.00326e-01     3.12450e+04
    2.57695e+03     1.00256e+00     9.95840e-02     3.13300e+04
    2.57705e+03     9.94304e-01     9.99680e-02     3.10720e+04
    2.57715e+03     1.00243e+00     1.01427e-01     3.13260e+04
    2.57725e+03     9.92960e-01     1.01274e-01     3.10300e+04
    2.57735e+03     9.95328e-01     9.92256e-02     3.11040e+04
    2.57745e+03     1.00317e+00     9.95072e-02     3.13490e+04
    2.57755e+03     9.97312e-01     9.85344e-02     3.11660e+04
    2.57765e+03     9.93152e-01     1.00915e-01     3.10360e+04
    2.57775e+03     9.89600e-01     9.90720e-02     3.09250e+04
    2.57785e+03     9.88320e-01     9.97888e-02     3.08850e+04
    2.57795e+03     1.00842e+00     1.01504e-01     3.15130e+04
    2.57805e+03     1.01363e+00     1.01402e-01     3.16760e+04
    2.57815e+03     9.94592e-01     9.72800e-02     3.10810e+04
    2.57825e+03     1.00477e+00     9.97376e-02     3.13990e+04
    2.57835e+03     1.00944e+00     1.01453e-01     3.15450e+04
    2.57845e+03     9.97856e-01     9.76640e-02     3.11830e+04
    2.57855e+03     1.00800e+00     9.96352e-02     3.15000e+04
    2.57865e+03     1.00406e+00     9.93280e-02     3.13770e+04
    2.57875e+03     1.00461e+00     1.00326e-01     3.13940e+04
    2.57885e+03     9.93248e-01     9.97632e-02     3.10390e+04
    2.57895e+03     9.95424e-01     9.84064e-02     3.11070e+04
    2.57905e+03     9.96768e-01     1.00045e-01     3.11490e+04
    2.57915e+03     1.00301e+00     9.94304e-02     3.13440e+04
    2.57925e+03     9.90592e-01     9.59744e-02     3.09560e+04
    2.57935e+03     9.98208e-01     9.83552e-02     3.11940e+04
    2.57945e+03     9.99712e-01     1.02016e-01     3.12410e+04
    2.57955e+03     1.01117e+00     1.01658e-01     3.15990e+04
    2.57965e+03     9.96384e-01     9.99936e-02     3.11370e+04
    2.57975e+03     9.93280e-01     9.70240e-02     3.10400e+04
    2.57985e+03     9.94976e-01     9.60000e-02     3.10930e+04
    2.57995e+03     9.96832e-01     9.90208e-02     3.11510e+04
    2.58005e+03     9.92512e-01     1.00634e-01     3.10160e+04
    2.58015e+03     9.86240e-01     9.98656e-02     3.08200e+04
    2.58025e+03     9.94208e-01     9.80480e-02     3.10690e+04
    2.58035e+03     9.94848e-01     1.03398e-01     3.10890e+04
    2.58045e+03     9.86080e-01     9.84576e-02     3.08150e+04
    2.58055e+03     9.83232e-01     9.67936e-02     3.07260e+04
    2.58065e+03     9.92864e-01     9.90976e-02     3.10270e+04
    2.58075e+03     9.85568e-01     9.63584e-02     3.07990e+04
    2.58085e+03     9.88640e-01     9.95328e-02     3.08950e+04
    2.58095e+03     9.92896e-01     9.59232e-02     3.10280e+04
    2.58105e+03     9.82080e-01     9.56928e-02     3.06900e+04
    2.58115e+03     9.80544e-01     1.00582e-01     3.06420e+04
    2.58125e+03     9.84320e-01     9.63584e-02     3.07600e+04
    2.58135e+03     9.81824e-01     9.64864e-02     3.06820e+04
    2.58145e+03     9.88384e-01     9.71008e-02     3.08870e+04
    2.58155e+03     9.87424e-01     1.01632e-01     3.08570e+04
    2.58165e+03     9.90432e-01     9.98912e-02     3.09510e+04
    2.58175e+03     9.87936e-01     9.87904e-02     3.08730e+04
    2.58185e+03     9.83104e-01     9.96352e-02     3.07220e+04
    2.58195e+03     9.76544e-01     9.92256e-02     3.05170e+04
    2.58205e+03     9.82880e-01     9.72800e-02     3.07150e+04
    2.58215e+03     9.73088e-01     9.74592e-02     3.04090e+04
    2.58225e+03     9.75296e-01     9.55392e-02     3.04780e+04
    2.58235e+03     9.66016e-01     9.52832e-02     3.01880e+04
    2.58245e+03     9.76448e-01     9.74592e-02     3.05140e+04
    2.58255e+03     9.73888e-01     9.74080e-02     3.04340e+04
    2.58265e+03     9.69024e-01     9.61024e-02     3.02820e+04
    2.58275e+03     9.23168e-01     9.03680e-02     2.88490e+04
    2.58285e+03     9.10848e-01     8.87808e-02     2.84640e+04
    2.58295e+03     9.07648e-01     8.55808e-02     2.83640e+04
    2.58305e+03     9.02944e-01     8.74496e-02     2.82170e+04
    2.58315e+03     8.92064e-01     8.58112e-02     2.78770e+04
    2.58325e+03     8.83584e-01     8.38400e-02     2.76120e+04
    2.58335e+03     8.73760e-01     8.48896e-02     2.73050e+04
    2.58345e+03     8.67392e-01     8.34304e-02     2.71060e+04
    2.58355e+03     8.56352e-01     8.31232e-02     2.67610e+04
    2.58365e+03     8.61696e-01     8.31488e-02     2.69280e+04
    2.58375e+03     8.49248e-01     8.18176e-02     2.65390e+04
    2.58385e+03     8.32992e-01     7.84896e-02     2.60310e+04
    2.58395e+03     8.18944e-01     7.68512e-02     2.55920e+04
    2.58405e+03     8.08288e-01     7.46752e-02     2.52590e+04
    2.58415e+03     7.98624e-01     7.58016e-02     2.49570e+04
    2.58425e+03     7.77248e-01     7.09632e-02     2.42890e+04
    2.58435e+03     7.50208e-01     7.11168e-02     2.34440e+04
    2.58445e+03     7.28576e-01     6.58176e-02     2.27680e+04
    2.58455e+03     6.95328e-01     6.27712e-02     2.17290e+04
    2.58465e+03     6.76320e-01     6.21312e-02     2.11350e+04
    2.58475e+03     6.32992e-01     5.84704e-02     1.97810e+04
    2.58485e+03     6.04320e-01     5.64480e-02     1.88850e+04
    2.58495e+03     5.61952e-01     5.00736e-02     1.75610e+04
    2.58505e+03     5.19424e-01     4.49792e-02     1.62320e+04
    2.58515e+03     4.66784e-01     3.95008e-02     1.45870e+04
    2.58525e+03     4.07040e-01     3.39456e-02     1.27200e+04
    2.58535e+03     3.36704e-01     2.69568e-02     1.05220e+04
    2.58545e+03     2.65152e-01     2.13504e-02     8.28600e+03
    2.58555e+03     1.97824e-01     1.45920e-02     6.18200e+03
    2.58565e+03     1.33728e-01     9.70240e-03     4.17900e+03
    2.58575e+03     7.41120e-02     4.53120e-03     2.31600e+03
    2.58585e+03     3.31520e-02     2.02240e-03     1.03600e+03
    2.58595e+03     1.06240e-02     3.07200e-04     3.32000e+02
    2.58605e+03     1.76000e-03     0.00000e+00     5.50000e+01
    2.58615e+03     2.56000e-04     2.56000e-05     8.00000e+00
    2.58625e+03     0.00000e+00     0.00000e+00     0.00000e+00
    2.58635e+03     0.00000e+00     0.00000e+00     0.00000e+00
    2.58645e+03     0.00000e+00     0.00000e+00     0.00000e+00
    2.58655e+03     0.00000e+00     0.00000e+00     0.00000e+00
    2.58665e+03     0.00000e+00     0.00000e+00     0.00000e+00
    2.58675e+03     0.00000e+00     0.00000e+00     0.00000e+00
    2.58685e+03     0.00000e+00     0.00000e+00     0.00000e+00
    2.58695e+03     0.00000e+00     0.00000e+00     0.00000e+00
    2.58705e+03     2.43200e-03     1.79200e-04     7.60000e+01
    2.58715e+03     2.21760e-02     1.48480e-03     6.93000e+02
    2.58725e+03     7.05280e-02     4.58240e-03     2.20400e+03
    2.58735e+03     1.54560e-01     1.05472e-02     4.83000e+03
    2.58745e+03     2.49024e-01     1.86880e-02     7.78200e+03
    2.58755e+03     3.43744e-01     2.64960e-02     1.07420e+04
    2.58765e+03     4.28576e-01     3.35360e-02     1.33930e+04
    2.58775e+03     5.00384e-01     4.07040e-02     1.56370e+04
    2.58785e+03     5.68512e-01     4.51328e-02     1.77660e+04
    2.58795e+03     6.19456e-01     5.33248e-02     1.93580e+04
    2.58805e+03     6.66944e-01     5.66272e-02     2.08420e+04
    2.58815e+03     6.98976e-01     5.94176e-02     2.18430e+04
    2.58825e+03     7.47648e-01     6.58944e-02     2.33640e+04
    2.58835e+03     7.56000e-01     6.49472e-02     2.36250e+04
    2.58845e+03     7.81568e-01     6.93504e-02     2.44240e+04
    2.58855e+03     8.06144e-01     7.19616e-02     2.51920e+04
    2.58865e+03     8.26496e-01     7.62368e-02     2.58280e+04
    2.58875e+03     8.31904e-01     7.39328e-02     2.59970e+04
    2.58885e+03     8.55776e-01     8.03840e-02     2.67430e+04
    2.58895e+03     8.77440e-01     7.90272e-02     2.74200e+04
    2.58905e+03     8.76416e-01     8.50944e-02     2.73880e+04
    2.58915e+03     8.89888e-01     8.32256e-02     2.78090e+04
    2.58925e+03     8.99168e-01     8.46592e-02     2.80990e+04
    2.58935e+03     8.92576e-01     8.56576e-02     2.78930e+04
    2.58945e+03     9.12032e-01     8.70912e-02     2.85010e+04
    2.58955e+03     9.12608e-01     8.57856e-02     2.85190e+04
    2.58965e+03     9.24256e-01     8.76800e-02     2.88830e+04
    2.58975e+03     9.20128e-01     8.80384e-02     2.87540e+04
    2.58985e+03     9.27360e-01     8.94208e-02     2.89800e+04
    2.58995e+03     9.38464e-01     9.14688e-02     2.93270e+04
    2.59005e+03     9.32768e-01     9.08800e-02     2.91490e+04
    2.59015e+03     9.41344e-01     9.23392e-02     2.94170e+04
    2.59025e+03     9.39296e-01     9.12128e-02     2.93530e+04
    2.59035e+03     9.40672e-01     9.14432e-02     2.93960e+04
    2.59045e+03     9.53504e-01     9.68448e-02     2.97970e+04
    2.59055e+03     1.01674e+00     1.00915e-01     3.17730e+04
    2.59065e+03     1.00218e+00     1.01914e-01     3.13180e+04
    2.59075e+03     9.98816e-01     9.96096e-02     3.12130e+04
    2.59085e+03     1.00013e+00     9.90976e-02     3.12540e+04
    2.59095e+03     1.00682e+00     1.00045e-01     3.14630e+04
    2.59105e+03     1.00422e+00     9.78432e-02     3.13820e+04
    2.59115e+03     9.97504e-01     1.02272e-01     3.11720e+04
    2.59125e+03     9.99872e-01     1.00429e-01     3.12460e+04
    2.59135e+03     9.94016e-01     9.91744e-02     3.10630e+04
    2.59145e+03     1.01293e+00     9.96864e-02     3.16540e+04
    2.59155e+03     1.00592e+00     9.65632e-02     3.14350e+04
    2.59165e+03     9.96160e-01     9.96096e-02     3.11300e+04
    2.59175e+03     1.00288e+00     9.99680e-02     3.13400e+04
    2.59185e+03     9.94784e-01     9.89952e-02     3.10870e+04
    2.59195e+03     9.96384e-01     9.81760e-02     3.11370e+04
    2.59205e+03     1.00890e+00     1.02246e-01     3.15280e+04
    2.59215e+03     1.01059e+00     9.78432e-02     3.15810e+04
    2.59225e+03     1.00186e+00     9.87136e-02     3.13080e+04
    2.59235e+03     9.94400e-01     9.76128e-02     3.10750e+04
    2.59245e+03     1.00826e+00     9.97888e-02     3.15080e+04
    2.59255e+03     1.01651e+00     1.00454e-01     3.17660e+04
    2.59265e+03     9.97568e-01     1.01478e-01     3.11740e+04
    2.59275e+03     1.00515e+00     9.70240e-02     3.14110e+04
    2.59285e+03     9.92224e-01     9.95328e-02     3.10070e+04
    2.59295e+03     1.00243e+00     1.00224e-01     3.13260e+04
    2.59305e+03     1.00518e+00     9.98400e-02     3.14120e+04
    2.59315e+03     9.92928e-01     9.95840e-02     3.10290e+04
    2.59325e+03     9.84544e-01     1.00070e-01     3.07670e+04
    2.59335e+03     9.84256e-01     9.82784e-02     3.07580e+04
    2.59345e+03     9.76512e-01     9.77920e-02     3.05160e+04
    2.59355e+03     9.74080e-01     9.55136e-02     3.04400e+04
    2.59365e+03     9.70560e-01     9.82528e-02     3.03300e+04
    2.59375e+03     9.68128e-01     9.76640e-02     3.02540e+04
    2.59385e+03     9.65632e-01     9.57184e-02     3.01760e+04
    2.59395e+03     9.63456e-01     9.45152e-02     3.01080e+04
    2.59405e+03     9.70720e-01     9.70240e-02     3.03350e+04
    2.59415e+03     9.65888e-01     9.77920e-02     3.01840e+04
    2.59425e+03     9.74176e-01     9.71264e-02     3.04430e+04
    2.59435e+03     9.69056e-01     9.79712e-02     3.02830e+04
    2.59445e+03     9.51648e-01     9.67936e-02     2.97390e+04
    2.59455e+03     9.58112e-01     9.55136e-02     2.99410e+04
    2.59465e+03     9.58528e-01     9.24416e-02     2.99540e+04
    2.59475e+03     9.61824e-01     9.59744e-02     3.00570e+04
    2.59485e+03     9.46304e-01     9.38240e-02     2.95720e+04
    2.59495e+03     9.55776e-01     9.85600e-02     2.98680e+04
    2.59505e+03     9.42240e-01     9.53856e-02     2.94450e+04
    2.59515e+03     9.50720e-01     9.44128e-02     2.97100e+04
    2.59525e+03     9.47104e-01     9.51040e-02     2.95970e+04
    2.59535e+03     9.38368e-01     9.15456e-02     2.93240e+04
    2.59545e+03     9.43392e-01     9.55904e-02     2.94810e+04
    2.59555e+03     9.25856e-01     9.19296e-02     2.89330e+04
    2.59565e+03     9.35456e-01     9.53344e-02     2.92330e+04
    2.59575e+03     9.26496e-01     8.85760e-02     2.89530e+04
    2.59585e+03     9.23456e-01     8.91136e-02     2.88580e+04
    2.59595e+03     9.16928e-01     9.01632e-02     2.86540e+04
    2.59605e+03     9.30848e-01     8.95232e-02     2.90890e+04
    2.59615e+03     9.19904e-01     8.59136e-02     2.87470e+04
    2.59625e+03     8.32896e-01     7.37280e-02     2.60280e+04
    2.59635e+03     8.16768e-01     6.68672e-02     2.55240e+04
    2.59645e+03     8.28512e-01     6.37952e-02     2.58910e+04
    2.59655e+03     8.34848e-01     6.27200e-02     2.60890e+04
    2.59665e+03     8.34784e-01     5.95968e-02     2.60870e+04
    2.59675e+03     8.21120e-01     5.89056e-02     2.56600e+04
    2.59685e+03     8.08704e-01     5.69088e-02     2.52720e+04
    2.59695e+03     7.95776e-01     5.31712e-02     2.48680e+04
    2.59705e+03     7.87008e-01     5.29408e-02     2.45940e+04
    2.59715e+03     7.63424e-01     5.14048e-02     2.38570e+04
    2.59725e+03     7.44000e-01     4.73088e-02     2.32500e+04
    2.59735e+03     7.33088e-01     4.41344e-02     2.29090e+04
    2.59745e+03     7.22432e-01     4.23680e-02     2.25760e+04
    2.59755e+03     6.95584e-01     3.88608e-02     2.17370e+04
    2.59765e+03     6.54272e-01     3.53024e-02     2.04460e+04
    2.59775e+03     6.37280e-01     3.31776e-02     1.99150e+04
    2.59785e+03     6.03808e-01     2.91584e-02     1.88690e+04
    2.59795e+03     5.69248e-01     2.51648e-02     1.77890e+04
    2.59805e+03     5.36704e-01     2.24256e-02     1.67720e+04
    2.59815e+03     4.92320e-01     1.77408e-02     1.53850e+04
    2.59825e+03     4.44544e-01     1.46432e-02     1.38920e+04
    2.59835e+03     3.96320e-01     1.15200e-02     1.23850e+04
    2.59845e+03     3.44288e-01     9.60000e-03     1.07590e+04
    2.59855e+03     2.93024e-01     6.19520e-03     9.15700e+03
    2.59865e+03     2.46752e-01     4.55680e-03     7.71100e+03
    2.59875e+03     1.85888e-01     2.53440e-03     5.80900e+03
    2.59885e+03     1.40736e-01     1.58720e-03     4.39800e+03
    2.59895e+03     9.56160e-02     5.12000e-04     2.98800e+03
    2.59905e+03     6.06080e-02     1.28000e-04     1.89400e+03
    2.59915e+03     3.39520e-02     5.12000e-05     1.06100e+03
    2.59925e+03     1.84320e-02     0.00000e+00     5.76000e+02
    2.59935e+03     9.24800e-03     0.00000e+00     2.89000e+02
    2.59945e+03     4.19200e-03     0.00000e+00     1.31000e+02
    2.59955e+03     1.69600e-03     0.00000e+00     5.30000e+01
    2.59965e+03     6.08000e-04     0.00000e+00     1.90000e+01
    2.59975e+03     1.28000e-04     0.00000e+00     4.00000e+00
    2.59985e+03     1.60000e-04     0.00000e+00     5.00000e+00
    2.59995e+03     3.20000e-05     0.00000e+00     1.00000e+00
    2.60005e+03     0.00000e+00     0.00000e+00     0.00000e+00
    2.60015e+03     0.00000e+00     0.00000e+00     0.00000e+00
    2.60025e+03     0.00000e+00     0.00000e+00     0.00000e+00
    2.60035e+03     3.20000e-05     0.00000e+00     1.00000e+00
    2.60045e+03     1.28000e-04     0.00000e+00     4.00000e+00
    2.60055e+03     9.60000e-04     0.00000e+00     3.00000e+01
    2.60065e+03     3.90400e-03     0.00000e+00     1.22000e+02
    2.60075e+03     1.31200e-02     0.00000e+00     4.10000e+02
    2.60085e+03     2.78720e-02     2.56000e-05     8.71000e+02
    2.60095e+03     6.70720e-02     2.04800e-04     2.09600e+03
    2.60105e+03     1.34048e-01     7.68000e-04     4.18900e+03
    2.60115e+03     2.24608e-01     1.66400e-03     7.01900e+03
    2.60125e+03     3.36896e-01     3.68640e-03     1.05280e+04
    2.60135e+03     4.56800e-01     6.40000e-03     1.42750e+04
    2.60145e+03     5.70880e-01     9.06240e-03     1.78400e+04
    2.60155e+03     6.76608e-01     1.22624e-02     2.11440e+04
    2.60165e+03     7.43712e-01     1.68448e-02     2.32410e+04
    2.60175e+03     8.00960e-01     2.19392e-02     2.50300e+04
    2.60185e+03     8.43392e-01     2.51904e-02     2.63560e+04
    2.60195e+03     8.81952e-01     2.87488e-02     2.75610e+04
    2.60205e+03     8.97760e-01     3.22560e-02     2.80550e+04
    2.60215e+03     9.19904e-01     3.61728e-02     2.87470e+04
    2.60225e+03     9.36992e-01     4.04736e-02     2.92810e+04
    2.60235e+03     9.50592e-01     4.65920e-02     2.97060e+04
    2.60245e+03     9.56000e-01     4.59776e-02     2.98750e+04
    2.60255e+03     9.52064e-01     5.06624e-02     2.97520e+04
    2.60265e+03     9.58560e-01     5.16352e-02     2.99550e+04
    2.60275e+03     9.61664e-01     5.24544e-02     3.00520e+04
    2.60285e+03     9.71616e-01     5.74976e-02     3.03630e+04
    2.60295e+03     9.73024e-01     5.88800e-02     3.04070e+04
    2.60305e+03     9.63744e-01     6.02112e-02     3.01170e+04
    2.60315e+03     9.78400e-01     6.32576e-02     3.05750e+04
    2.60325e+03     9.72736e-01     6.34880e-02     3.03980e+04
    2.60335e+03     9.76096e-01     6.67904e-02     3.05030e+04
    2.60345e+03     9.83264e-01     6.65088e-02     3.07270e+04
    2.60355e+03     9.81280e-01     7.09632e-02     3.06650e+04
    2.60365e+03     9.79200e-01     7.11168e-02     3.06000e+04
    2.60375e+03     9.80000e-01     7.44704e-02     3.06250e+04
    2.60385e+03     9.64544e-01     7.26784e-02     3.01420e+04
    2.60395e+03     9.59456e-01     7.71328e-02     2.99830e+04
    2.60405e+03     1.03859e+00     8.88832e-02     3.24560e+04
    2.60415e+03     1.08109e+00     1.01939e-01     3.37840e+04
    2.60425e+03     1.04342e+00     1.00864e-01     3.26070e+04
    2.60435e+03     1.02864e+00     1.03168e-01     3.21450e+04
    2.60445e+03     1.01885e+00     1.01939e-01     3.18390e+04
    2.60455e+03     1.00899e+00     9.83808e-02     3.15310e+04
    2.60465e+03     1.01379e+00     1.00019e-01     3.16810e+04
    2.60475e+03     1.01027e+00     9.92000e-02     3.15710e+04
    2.60485e+03     1.00477e+00     9.79456e-02     3.13990e+04
    2.60495e+03     9.95840e-01     9.59744e-02     3.11200e+04
    2.60505e+03     1.00675e+00     1.01120e-01     3.14610e+04
    2.60515e+03     1.00739e+00     1.01862e-01     3.14810e+04
    2.60525e+03     1.00554e+00     9.92000e-02     3.14230e+04
    2.60535e+03     1.00211e+00     9.86880e-02     3.13160e+04
    2.60545e+03     1.00672e+00     9.98656e-02     3.14600e+04
    2.60555e+03     1.00874e+00     9.80992e-02     3.15230e+04
    2.60565e+03     1.00592e+00     9.96352e-02     3.14350e+04
    2.60575e+03     1.00064e+00     1.01376e-01     3.12700e+04
    2.60585e+03     1.01050e+00     9.87648e-02     3.15780e+04
    2.60595e+03     9.99680e-01     1.00531e-01     3.12400e+04
    2.60605e+03     1.00090e+00     1.01043e-01     3.12780e+04
    2.60615e+03     9.92352e-01     9.92256e-02     3.10110e+04
    2.60625e+03     1.00474e+00     1.01094e-01     3.13980e+04
    2.60635e+03     1.00650e+00     9.99936e-02     3.14530e+04
    2.60645e+03     1.00406e+00     9.97632e-02     3.13770e+04
    2.60655e+03     1.00928e+00     9.96864e-02     3.15400e+04
    2.60665e+03     1.00630e+00     1.01350e-01     3.14470e+04
    2.60675e+03     9.95040e-01     9.97632e-02     3.10950e+04
    2.60685e+03     1.00845e+00     1.01581e-01     3.15140e+04
    2.60695e+03     1.01146e+00     1.03731e-01     3.16080e+04
    2.60705e+03     1.00560e+00     1.00685e-01     3.14250e+04
    2.60715e+03     1.00477e+00     1.02298e-01     3.13990e+04
    2.60725e+03     1.00422e+00     9.86880e-02     3.13820e+04
    2.60735e+03     9.99424e-01     1.01504e-01     3.12320e+04
    2.60745e+03     9.90752e-01     9.85088e-02     3.09610e+04
    2.60755e+03     1.00963e+00     9.97632e-02     3.15510e+04
    2.60765e+03     9.98816e-01     9.99168e-02     3.12130e+04
    2.60775e+03     1.00102e+00     9.88416e-02     3.12820e+04
    2.60785e+03     9.96512e-01     9.98656e-02     3.11410e+04
    2.60795e+03     9.97632e-01     1.01043e-01     3.11760e+04
    2.60805e+03     1.00922e+00     9.93024e-02     3.15380e+04
    2.60815e+03     1.00704e+00     9.85344e-02     3.14700e+04
    2.60825e+03     1.01078e+00     1.00582e-01     3.15870e+04
    2.60835e+03     1.00250e+00     9.86368e-02     3.13280e+04
    2.60845e+03     9.95648e-01     1.03373e-01     3.11140e+04
    2.60855e+03     1.00736e+00     9.91744e-02     3.14800e+04
    2.60865e+03     1.00448e+00     9.81760e-02     3.13900e+04
    2.60875e+03     1.00019e+00     9.87904e-02     3.12560e+04
    2.60885e+03     1.01078e+00     9.96096e-02     3.15870e+04
    2.60895e+03     1.00989e+00     9.96864e-02     3.15590e+04
    2.60905e+03     1.00678e+00     1.00147e-01     3.14620e+04
    2.60915e+03     9.98944e-01     9.95328e-02     3.12170e+04
    2.60925e+03     1.00870e+00     1.00736e-01     3.15220e+04
    2.60935e+03     1.00733e+00     9.80992e-02     3.14790e+04
    2.60945e+03     1.00525e+00     1.02426e-01     3.14140e+04
    2.60955e+03     9.99424e-01     1.00429e-01     3.12320e+04
    2.60965e+03     1.00790e+00     9.94560e-02     3.14970e+04
    2.60975e+03     1.00851e+00     1.01734e-01     3.15160e+04
    2.60985e+03     1.00906e+00     9.73824e-02     3.15330e+04
    2.60995e+03     1.01731e+00     1.05011e-01     3.17910e+04
    2.61005e+03     9.97312e-01     9.98144e-02     3.11660e+04
    2.61015e+03     1.01098e+00     1.02272e-01     3.15930e+04
    2.61025e+03     1.00733e+00     1.00326e-01     3.14790e+04
    2.61035e+03     1.01328e+00     1.00122e-01     3.16650e+04
    2.61045e+03     1.00781e+00     9.95328e-02     3.14940e+04
    2.61055e+03     1.00566e+00     9.85088e-02     3.14270e+04
    2.61065e+03     1.01987e+00     1.01862e-01     3.18710e+04
    2.61075e+03     1.02275e+00     1.03168e-01     3.19610e+04
    2.61085e+03     1.00682e+00     9.73568e-02     3.14630e+04
    2.61095e+03     1.02112e+00     9.88416e-02     3.19100e+04
    2.61105e+03     1.01437e+00     9.88160e-02     3.16990e+04
    2.61115e+03     1.03152e+00     1.01350e-01     3.22350e+04
    2.61125e+03     1.04691e+00     1.02042e-01     3.27160e+04
    2.61135e+03     1.04154e+00     9.74592e-02     3.25480e+04
    2.61145e+03     1.05987e+00     9.78432e-02     3.31210e+04
    2.61155e+03     1.07562e+00     1.01376e-01     3.36130e+04
    2.61165e+03     1.07843e+00     9.94816e-02     3.37010e+04
    2.61175e+03     1.11261e+00     1.01581e-01     3.47690e+04
    2.61185e+03     1.14390e+00     1.03322e-01     3.57470e+04
    2.61195e+03     1.17334e+00     9.90464e-02     3.66670e+04
    2.61205e+03     1.23136e+00     9.88928e-02     3.84800e+04
    2.61215e+03     1.30480e+00     1.00147e-01     4.07750e+04
    2.61225e+03     1.39936e+00     1.01760e-01     4.37300e+04
    2.61235e+03     1.59683e+00     1.00966e-01     4.99010e+04
    2.61245e+03     2.28013e+00     1.00506e-01     7.12540e+04
    2.61255e+03     4.78947e+00     9.98656e-02     1.49671e+05
    2.61265e+03     7.66202e+00     9.96096e-02     2.39438e+05
    2.61275e+03     4.78755e+00     1.01888e-01     1.49611e+05
    2.61285e+03     2.27840e+00     1.01171e-01     7.12000e+04
    2.61295e+03     1.61258e+00     9.84320e-02     5.03930e+04
    2.61305e+03     1.40230e+00     9.93024e-02     4.38220e+04
    2.61315e+03     1.30758e+00     1.00045e-01     4.08620e+04
    2.61325e+03     1.24739e+00     1.04115e-01     3.89810e+04
    2.61335e+03     1.17891e+00     9.91744e-02     3.68410e+04
    2.61345e+03     1.14221e+00     9.78944e-02     3.56940e+04
    2.61355e+03     1.09901e+00     1.00506e-01     3.43440e+04
    2.61365e+03     1.08605e+00     9.88416e-02     3.39390e+04
    2.61375e+03     1.06246e+00     1.00301e-01     3.32020e+04
    2.61385e+03     1.05901e+00     9.86880e-02     3.30940e+04
    2.61395e+03     1.03942e+00     9.81248e-02     3.24820e+04
    2.61405e+03     1.03997e+00     9.91744e-02     3.24990e+04
    2.61415e+03     1.03744e+00     1.00992e-01     3.24200e+04
    2.61425e+03     1.02582e+00     9.84832e-02     3.20570e+04
    2.61435e+03     1.02355e+00     9.61792e-02     3.19860e+04
    2.61445e+03     1.01174e+00     9.86112e-02     3.16170e+04
    2.61455e+03     1.01344e+00     9.96352e-02     3.16700e+04
    2.61465e+03     1.01542e+00     9.97888e-02     3.17320e+04
    2.61475e+03     1.01338e+00     1.02707e-01     3.16680e+04
    2.61485e+03     1.01478e+00     9.87904e-02     3.17120e+04
    2.61495e+03     1.01568e+00     1.01376e-01     3.17400e+04
    2.61505e+03     1.01254e+00     1.01069e-01     3.16420e+04
    2.61515e+03     1.00499e+00     1.01299e-01     3.14060e+04
    2.61525e+03     1.02262e+00     9.91744e-02     3.19570e+04
    2.61535e+03     1.00000e+00     9.92256e-02     3.12500e+04
    2.61545e+03     1.00131e+00     9.76896e-02     3.12910e+04
    2.61555e+03     1.00918e+00     1.00992e-01     3.15370e+04
    2.61565e+03     1.00237e+00     1.01888e-01     3.13240e+04
    2.61575e+03     9.98496e-01     1.01632e-01     3.12030e+04
    2.61585e+03     1.00989e+00     9.91232e-02     3.15590e+04
    2.61595e+03     9.98496e-01     9.79712e-02     3.12030e+04
    2.61605e+03     1.01309e+00     1.03629e-01     3.16590e+04
    2.61615e+03     1.00515e+00     1.00096e-01     3.14110e+04
    2.61625e+03     1.00659e+00     1.00608e-01     3.14560e+04
    2.61635e+03     9.99328e-01     1.00787e-01     3.12290e+04
    2.61645e+03     1.00138e+00     9.80224e-02     3.12930e+04
    2.61655e+03     9.95872e-01     9.97632e-02     3.11210e+04
    2.61665e+03     1.00691e+00     1.01248e-01     3.14660e+04
    2.61675e+03     1.00179e+00     9.75616e-02     3.13060e+04
    2.61685e+03     9.95712e-01     1.00813e-01     3.11160e+04
    2.61695e+03     1.00829e+00     1.00659e-01     3.15090e+04
    2.61705e+03     9.96768e-01     9.87392e-02     3.11490e+04
    2.61715e+03     1.00230e+00     1.02170e-01     3.13220e+04
    2.61725e+03     9.97664e-01     9.84064e-02     3.11770e+04
    2.61735e+03     9.99488e-01     9.93536e-02     3.12340e+04
    2.61745e+03     9.98592e-01     9.88160e-02     3.12060e+04
    2.61755e+03     9.94496e-01     9.74080e-02     3.10780e+04
    2.61765e+03     1.00224e+00     1.00224e-01     3.13200e+04
    2.61775e+03     9.98336e-01     9.95584e-02     3.11980e+04
    2.61785e+03     9.98688e-01     9.86624e-02     3.12090e+04
    2.61795e+03     1.00499e+00     9.73312e-02     3.14060e+04
    2.61805e+03     9.96032e-01     9.93024e-02     3.11260e+04
    2.61815e+03     1.00022e+00     1.01171e-01     3.12570e+04
    2.61825e+03     9.99392e-01     9.80224e-02     3.12310e+04
    2.61835e+03     1.00058e+00     9.96864e-02     3.12680e+04
    2.61845e+03     9.96320e-01     9.83296e-02     3.11350e+04
    2.61855e+03     1.00406e+00     9.95328e-02     3.13770e+04
    2.61865e+03     1.00810e+00     1.01171e-01     3.15030e+04
    2.61875e+03     9.99840e-01     9.96608e-02     3.12450e+04
    2.61885e+03     1.00960e+00     1.02349e-01     3.15500e+04
    2.61895e+03     9.93280e-01     9.83040e-02     3.10400e+04
    2.61905e+03     9.98496e-01     9.88672e-02     3.12030e+04
    2.61915e+03     1.00218e+00     1.00659e-01     3.13180e+04
    2.61925e+03     9.99072e-01     1.01581e-01     3.12210e+04
    2.61935e+03     9.97376e-01     1.00403e-01     3.11680e+04
    2.61945e+03     1.00570e+00     9.94560e-02     3.14280e+04
    2.61955e+03     9.95776e-01     9.95840e-02     3.11180e+04
    2.61965e+03     9.91680e-01     1.00122e-01     3.09900e+04
    2.61975e+03     9.97600e-01     9.84832e-02     3.11750e+04
    2.61985e+03     1.00563e+00     9.77920e-02     3.14260e+04
    2.61995e+03     1.00477e+00     1.00506e-01     3.13990e+04
    2.62005e+03     9.96256e-01     1.00736e-01     3.11330e+04
    2.62015e+03     1.00320e+00     1.00531e-01     3.13500e+04
    2.62025e+03     1.00614e+00     1.01914e-01     3.14420e+04
    2.62035e+03     9.93216e-01     9.94304e-02     3.10380e+04
    2.62045e+03     1.00310e+00     9.89184e-02     3.13470e+04
    2.62055e+03     9.93824e-01     9.90976e-02     3.10570e+04
    2.62065e+03     1.00118e+00     9.88416e-02     3.12870e+04
    2.62075e+03     1.00378e+00     1.00173e-01     3.13680e+04
    2.62085e+03     9.92608e-01     9.68192e-02     3.10190e+04
    2.62095e+03     9.97600e-01     1.01939e-01     3.11750e+04
    2.62105e+03     9.95872e-01     9.93792e-02     3.11210e+04
    2.62115e+03     9.96544e-01     1.01427e-01     3.11420e+04
    2.62125e+03     9.93504e-01     9.89440e-02     3.10470e+04
    2.62135e+03     1.00166e+00     9.89184e-02     3.13020e+04
    2.62145e+03     9.99040e-01     1.00198e-01     3.12200e+04
    2.62155e+03     9.93184e-01     9.93280e-02     3.10370e+04
    2.62165e+03     9.98848e-01     9.78176e-02     3.12140e+04
    2.62175e+03     1.00058e+00     9.85856e-02     3.12680e+04
    2.62185e+03     9.96000e-01     9.93024e-02     3.11250e+04
    2.62195e+03     9.95008e-01     9.87392e-02     3.10940e+04
    2.62205e+03     1.00710e+00     1.00378e-01     3.14720e+04
    2.62215e+03     1.00454e+00     1.01171e-01     3.13920e+04
    2.62225e+03     1.00934e+00     1.03808e-01     3.15420e+04
    2.62235e+03     9.94240e-01     9.91232e-02     3.10700e+04
    2.62245e+03     9.97504e-01     9.99680e-02     3.11720e+04
    2.62255e+03     1.00058e+00     1.00378e-01     3.12680e+04
    2.62265e+03     9.92320e-01     9.76128e-02     3.10100e+04
    2.62275e+03     1.01232e+00     1.00762e-01     3.16350e+04
    2.62285e+03     1.01386e+00     1.00838e-01     3.16830e+04
    2.62295e+03     1.01069e+00     1.02246e-01     3.15840e+04
    2.62305e+03     1.01098e+00     1.03680e-01     3.15930e+04
    2.62315e+03     1.00112e+00     9.77920e-02     3.12850e+04
    2.62325e+03     1.00240e+00     1.00659e-01     3.13250e+04
    2.62335e+03     1.00358e+00     9.89696e-02     3.13620e+04
    2.62345e+03     1.01696e+00     9.87648e-02     3.17800e+04
    2.62355e+03     1.01104e+00     1.00275e-01     3.15950e+04
    2.62365e+03     1.01434e+00     1.03526e-01     3.16980e+04
    2.62375e+03     1.00739e+00     1.00429e-01     3.14810e+04
    2.62385e+03     1.00835e+00     1.02861e-01     3.15110e+04
    2.62395e+03     1.01110e+00     1.01530e-01     3.15970e+04
    2.62405e+03     1.01376e+00     1.01837e-01     3.16800e+04
    2.62415e+03     1.00934e+00     1.01914e-01     3.15420e+04
    2.62425e+03     1.01213e+00     9.94816e-02     3.16290e+04
    2.62435e+03     1.01584e+00     1.01965e-01     3.17450e+04
    2.62445e+03     1.01318e+00     9.61792e-02     3.16620e+04
    2.62455e+03     1.01002e+00     9.73568e-02     3.15630e+04
    2.62465e+03     1.01661e+00     9.80480e-02     3.17690e+04
    2.62475e+03     1.04070e+00     1.00326e-01     3.25220e+04
    2.62485e+03     1.04557e+00     1.00454e-01     3.26740e+04
    2.62495e+03     1.05322e+00     1.00736e-01     3.29130e+04
    2.62505e+03     1.05949e+00     9.96096e-02     3.31090e+04
    2.62515e+03     1.06682e+00     9.95584e-02     3.33380e+04
    2.62525e+03     1.09430e+00     9.97376e-02     3.41970e+04
    2.62535e+03     1.12304e+00     1.02298e-01     3.50950e+04
    2.62545e+03     1.14400e+00     1.01632e-01     3.57500e+04
    2.62555e+03     1.19818e+00     9.83552e-02     3.74430e+04
    2.62565e+03     1.26326e+00     9.89952e-02     3.94770e+04
    2.62575e+03     1.32186e+00     9.85856e-02     4.13080e+04
    2.62585e+03     1.43933e+00     9.96096e-02     4.49790e+04
    2.62595e+03     1.56150e+00     9.78176e-02     4.87970e+04
    2.62605e+03     1.73658e+00     1.02426e-01     5.42680e+04
    2.62615e+03     2.10598e+00     1.00557e-01     6.58120e+04
    2.62625e+03     3.32595e+00     9.73312e-02     1.03936e+05
    2.62635e+03     7.44688e+00     1.00890e-01     2.32715e+05
    2.62645e+03     1.17748e+01     1.01914e-01     3.67961e+05
    2.62655e+03     7.43661e+00     1.00685e-01     2.32394e+05
    2.62665e+03     3.33482e+00     1.01146e-01     1.04213e+05
    2.62675e+03     2.10243e+00     1.01120e-01     6.57010e+04
    2.62685e+03     1.74982e+00     1.00198e-01     5.46820e+04
    2.62695e+03     1.56429e+00     1.00941e-01     4.88840e+04
    2.62705e+03     1.43066e+00     1.02042e-01     4.47080e+04
    2.62715e+03     1.33859e+00     1.01786e-01     4.18310e+04
    2.62725e+03     1.25818e+00     9.95584e-02     3.93180e+04
    2.62735e+03     1.20000e+00     1.00275e-01     3.75000e+04
    2.62745e+03     1.15552e+00     9.95840e-02     3.61100e+04
    2.62755e+03     1.12390e+00     1.01786e-01     3.51220e+04
    2.62765e+03     1.09360e+00     9.87392e-02     3.41750e+04
    2.62775e+03     1.07888e+00     1.01658e-01     3.37150e+04
    2.62785e+03     1.07024e+00     1.00838e-01     3.34450e+04
    2.62795e+03     1.04470e+00     1.00070e-01     3.26470e+04
    2.62805e+03     1.03760e+00     1.00352e-01     3.24250e+04
    2.62815e+03     1.02778e+00     1.01402e-01     3.21180e+04
    2.62825e+03     1.04048e+00     9.99424e-02     3.25150e+04
    2.62835e+03     1.01712e+00     9.89184e-02     3.17850e+04
    2.62845e+03     1.02256e+00     1.01299e-01     3.19550e+04
    2.62855e+03     1.01840e+00     1.01299e-01     3.18250e+04
    2.62865e+03     1.01910e+00     1.02426e-01     3.18470e+04
    2.62875e+03     1.01062e+00     9.67680e-02     3.15820e+04
    2.62885e+03     1.00938e+00     1.01120e-01     3.15430e+04
    2.62895e+03     1.01014e+00     1.01248e-01     3.15670e+04
    2.62905e+03     1.01443e+00     9.84832e-02     3.17010e+04
    2.62915e+03     1.01466e+00     1.01120e-01     3.17080e+04
    2.62925e+03     1.00701e+00     1.01094e-01     3.14690e+04
    2.62935e+03     1.00502e+00     9.98912e-02     3.14070e+04
    2.62945e+03     1.01734e+00     9.93280e-02     3.17920e+04
    2.62955e+03     1.02320e+00     1.02323e-01     3.19750e+04
    2.62965e+03     1.01866e+00     1.01683e-01     3.18330e+04
    2.62975e+03     1.01248e+00     1.02272e-01     3.16400e+04
    2.62985e+03     1.00902e+00     1.00378e-01     3.15320e+04
    2.62995e+03     1.01034e+00     1.00557e-01     3.15730e+04
    2.63005e+03     1.01229e+00     1.00224e-01     3.16340e+04
    2.63015e+03     1.01430e+00     1.00864e-01     3.16970e+04
    2.63025e+03     1.01469e+00     1.00070e-01     3.17090e+04
    2.63035e+03     1.01760e+00     9.99168e-02     3.18000e+04
    2.63045e+03     1.01210e+00     1.01478e-01     3.16280e+04
    2.63055e+03     1.01018e+00     9.98144e-02     3.15680e+04
    2.63065e+03     1.01962e+00     9.73312e-02     3.18630e+04
    2.63075e+03     1.02362e+00     9.97120e-02     3.19880e+04
    2.63085e+03     1.02150e+00     9.48224e-02     3.19220e+04
    2.63095e+03     1.03469e+00     1.01478e-01     3.23340e+04
    2.63105e+03     1.03683e+00     1.00224e-01     3.24010e+04
    2.63115e+03     1.05523e+00     1.01683e-01     3.29760e+04
    2.63125e+03     1.06787e+00     9.92256e-02     3.33710e+04
    2.63135e+03     1.09232e+00     1.00582e-01     3.41350e+04
    2.63145e+03     1.09677e+00     9.81248e-02     3.42740e+04
    2.63155e+03     1.13130e+00     1.00224e-01     3.53530e+04
    2.63165e+03     1.17568e+00     1.00326e-01     3.67400e+04
    2.63175e+03     1.23728e+00     9.98144e-02     3.86650e+04
    2.63185e+03     1.37958e+00     1.00301e-01     4.31120e+04
    2.63195e+03     2.01658e+00     1.02170e-01     6.30180e+04
    2.63205e+03     3.65661e+00     9.79456e-02     1.14269e+05
    2.63215e+03     4.00051e+00     1.00429e-01     1.25016e+05
    2.63225e+03     2.26122e+00     1.00019e-01     7.06630e+04
    2.63235e+03     1.44803e+00     9.82784e-02     4.52510e+04
    2.63245e+03     1.26093e+00     1.03347e-01     3.94040e+04
    2.63255e+03     1.17898e+00     1.00070e-01     3.68430e+04
    2.63265e+03     1.14512e+00     1.01069e-01     3.57850e+04
    2.63275e+03     1.11770e+00     9.95328e-02     3.49280e+04
    2.63285e+03     1.08109e+00     1.01427e-01     3.37840e+04
    2.63295e+03     1.06566e+00     1.01171e-01     3.33020e+04
    2.63305e+03     1.05504e+00     1.01709e-01     3.29700e+04
    2.63315e+03     1.03626e+00     1.00557e-01     3.23830e+04
    2.63325e+03     1.04000e+00     1.00070e-01     3.25000e+04
    2.63335e+03     1.02294e+00     9.80992e-02     3.19670e+04
    2.63345e+03     1.01722e+00     9.85600e-02     3.17880e+04
    2.63355e+03     1.02042e+00     1.00301e-01     3.18880e+04
    2.63365e+03     1.02752e+00     1.04755e-01     3.21100e+04
    2.63375e+03     1.01958e+00     1.00198e-01     3.18620e+04
    2.63385e+03     1.00438e+00     1.00173e-01     3.13870e+04
    2.63395e+03     1.00416e+00     9.81760e-02     3.13800e+04
    2.63405e+03     1.00896e+00     9.84576e-02     3.15300e+04
    2.63415e+03     1.00240e+00     9.88672e-02     3.13250e+04
    2.63425e+03     1.01062e+00     9.83808e-02     3.15820e+04
    2.63435e+03     1.00858e+00     1.02784e-01     3.15180e+04
    2.63445e+03     1.00733e+00     1.00173e-01     3.14790e+04
    2.63455e+03     1.01920e+00     1.03910e-01     3.18500e+04
    2.63465e+03     1.00333e+00     9.86880e-02     3.13540e+04
    2.63475e+03     1.01021e+00     9.98144e-02     3.15690e+04
    2.63485e+03     9.99936e-01     9.89440e-02     3.12480e+04
    2.63495e+03     9.96832e-01     9.65120e-02     3.11510e+04
    2.63505e+03     1.01072e+00     1.03040e-01     3.15850e+04
    2.63515e+03     9.98880e-01     9.85088e-02     3.12150e+04
    2.63525e+03     9.93344e-01     1.00736e-01     3.10420e+04
    2.63535e+03     9.96416e-01     9.96096e-02     3.11380e+04
    2.63545e+03     1.00474e+00     1.00429e-01     3.13980e+04
    2.63555e+03     9.93216e-01     9.80736e-02     3.10380e+04
    2.63565e+03     9.96576e-01     1.00147e-01     3.11430e+04
    2.63575e+03     9.98560e-01     9.76128e-02     3.12050e+04
    2.63585e+03     1.00224e+00     1.03117e-01     3.13200e+04
    2.63595e+03     1.01280e+00     1.01350e-01     3.16500e+04
    2.63605e+03     1.00070e+00     1.00890e-01     3.12720e+04
    2.63615e+03     9.98464e-01     1.01069e-01     3.12020e+04
    2.63625e+03     1.00486e+00     1.00173e-01     3.14020e+04
    2.63635e+03     1.00109e+00     9.98400e-02     3.12840e+04
    2.63645e+03     9.96672e-01     9.93024e-02     3.11460e+04
    2.63655e+03     1.00038e+00     1.00966e-01     3.12620e+04
    2.63665e+03     1.00122e+00     9.80224e-02     3.12880e+04
    2.63675e+03     9.90304e-01     9.97120e-02     3.09470e+04
    2.63685e+03     1.00090e+00     1.00454e-01     3.12780e+04
    2.63695e+03     9.95872e-01     9.93536e-02     3.11210e+04
