    2.57305e+03     1.00917e+00     1.02907e-01     3.05810e+04
    2.57315e+03     1.00683e+00     1.01244e-01     3.05100e+04
    2.57325e+03     9.99042e-01     1.00003e-01     3.02740e+04
    2.57335e+03     1.00637e+00     1.02221e-01     3.04960e+04
    2.57345e+03     9.99834e-01     1.02089e-01     3.02980e+04
    2.57355e+03     9.89802e-01     1.00663e-01     2.99940e+04
    2.57365e+03     9.86964e-01     9.84720e-02     2.99080e+04
    2.57375e+03     1.00158e+00     1.02194e-01     3.03510e+04
    2.57385e+03     1.00003e+00     1.00135e-01     3.03040e+04
    2.57395e+03     9.97392e-01     9.68880e-02     3.02240e+04
    2.57405e+03     1.00835e+00     9.95280e-02     3.05560e+04
    2.57415e+03     1.00478e+00     9.95016e-02     3.04480e+04
    2.57425e+03     9.95511e-01     9.94752e-02     3.01670e+04
    2.57435e+03     1.00208e+00     9.88416e-02     3.03660e+04
    2.57445e+03     1.00686e+00     9.96864e-02     3.05110e+04
    2.57455e+03     1.00231e+00     1.00716e-01     3.03730e+04
    2.57465e+03     1.01072e+00     1.01904e-01     3.06280e+04
    2.57475e+03     1.00119e+00     1.01534e-01     3.03390e+04
    2.57485e+03     9.96303e-01     1.00610e-01     3.01910e+04
    2.57495e+03     1.00495e+00     1.00188e-01     3.04530e+04
    2.57505e+03     9.99438e-01     1.02168e-01     3.02860e+04
    2.57515e+03     9.99339e-01     1.01033e-01     3.02830e+04
    2.57525e+03     9.86106e-01     9.74688e-02     2.98820e+04
    2.57535e+03     1.00046e+00     1.00716e-01     3.03170e+04
    2.57545e+03     9.98778e-01     1.02854e-01     3.02660e+04
    2.57555e+03     9.98250e-01     9.97920e-02     3.02500e+04
    2.57565e+03     9.98250e-01     9.85248e-02     3.02500e+04
    2.57575e+03     1.00346e+00     1.01772e-01     3.04080e+04
    2.57585e+03     1.00073e+00     9.90528e-02     3.03250e+04
    2.57595e+03     1.00779e+00     1.02802e-01     3.05390e+04
    2.57605e+03     1.01145e+00     1.00452e-01     3.06500e+04
    2.57615e+03     9.94554e-01     9.97128e-02     3.01380e+04
    2.57625e+03     9.99174e-01     9.92376e-02     3.02780e+04
    2.57635e+03     1.00274e+00     1.00109e-01     3.03860e+04
    2.57645e+03     9.95313e-01     9.89472e-02     3.01610e+04
    2.57655e+03     1.00059e+00     9.97656e-02     3.03210e+04
    2.57665e+03     9.99933e-01     1.02802e-01     3.03010e+04
    2.57675e+03     1.00534e+00     1.01772e-01     3.04650e+04
    2.57685e+03     1.00535e+00     9.55152e-02     3.04650e+04
    2.57695e+03     9.99900e-01     1.00294e-01     3.03000e+04
    2.57705e+03     1.00241e+00     9.92904e-02     3.03760e+04
    2.57715e+03     9.94026e-01     9.84984e-02     3.01220e+04
    2.57725e+03     9.99471e-01     9.84984e-02     3.02870e+04
    2.57735e+03     1.00630e+00     1.02722e-01     3.04940e+04
    2.57745e+03     1.00907e+00     1.02326e-01     3.05780e+04
    2.57755e+03     9.89604e-01     1.01323e-01     2.99880e+04
    2.57765e+03     9.97326e-01     9.95280e-02     3.02220e+04
    2.57775e+03     1.00627e+00     9.90264e-02     3.04930e+04
    2.57785e+03     9.98052e-01     9.91320e-02     3.02440e+04
    2.57795e+03     1.01063e+00     1.00980e-01     3.06250e+04
    2.57805e+03     1.00069e+00     1.01746e-01     3.03240e+04
    2.57815e+03     9.88482e-01     9.97920e-02     2.99540e+04
    2.57825e+03     9.94686e-01     9.90528e-02     3.01420e+04
    2.57835e+03     1.00046e+00     9.95280e-02     3.03170e+04
    2.57845e+03     1.00772e+00     1.03858e-01     3.05370e+04
    2.57855e+03     1.00030e+00     9.88680e-02     3.03120e+04
    2.57865e+03     1.00172e+00     1.01825e-01     3.03550e+04
    2.57875e+03     1.00079e+00     1.00690e-01     3.03270e+04
    2.57885e+03     9.93993e-01     9.83664e-02     3.01210e+04
    2.57895e+03     1.00092e+00     1.02802e-01     3.03310e+04
    2.57905e+03     1.00564e+00     9.75744e-02     3.04740e+04
    2.57915e+03     1.00010e+00     1.01957e-01     3.03060e+04
    2.57925e+03     1.00703e+00     9.93432e-02     3.05160e+04
    2.57935e+03     9.95775e-01     1.00346e-01     3.01750e+04
    2.57945e+03     9.92970e-01     9.79440e-02     3.00900e+04
    2.57955e+03     1.00007e+00     9.98976e-02     3.03050e+04
    2.57965e+03     1.00023e+00     9.60432e-02     3.03100e+04
    2.57975e+03     9.99075e-01     1.01587e-01     3.02750e+04
    2.57985e+03     9.86931e-01     9.98976e-02     2.99070e+04
    2.57995e+03     9.84786e-01     9.82872e-02     2.98420e+04
    2.58005e+03     9.92211e-01     9.83400e-02     3.00670e+04
    2.58015e+03     9.95775e-01     1.00954e-01     3.01750e+04
    2.58025e+03     9.89439e-01     9.63864e-02     2.99830e+04
    2.58035e+03     9.92640e-01     9.88680e-02     3.00800e+04
    2.58045e+03     9.96930e-01     1.00214e-01     3.02100e+04
    2.58055e+03     9.99768e-01     1.00030e-01     3.02960e+04
    2.58065e+03     9.91485e-01     9.76272e-02     3.00450e+04
    2.58075e+03     1.00165e+00     9.80496e-02     3.03530e+04
    2.58085e+03     9.89142e-01     1.01006e-01     2.99740e+04
    2.58095e+03     9.83004e-01     9.82608e-02     2.97880e+04
    2.58105e+03     1.00525e+00     1.00478e-01     3.04620e+04
    2.58115e+03     9.76206e-01     9.50400e-02     2.95820e+04
    2.58125e+03     9.93795e-01     9.82080e-02     3.01150e+04
    2.58135e+03     9.84159e-01     9.76536e-02     2.98230e+04
    2.58145e+03     9.88383e-01     9.90792e-02     2.99510e+04
    2.58155e+03     9.92508e-01     9.95808e-02     3.00760e+04
    2.58165e+03     9.83070e-01     9.74424e-02     2.97900e+04
    2.58175e+03     9.93531e-01     9.70728e-02     3.01070e+04
    2.58185e+03     9.88218e-01     1.00188e-01     2.99460e+04
    2.58195e+03     9.89076e-01     9.85776e-02     2.99720e+04
    2.58205e+03     9.87723e-01     9.88944e-02     2.99310e+04
    2.58215e+03     9.89208e-01     9.79968e-02     2.99760e+04
    2.58225e+03     9.88383e-01     9.93432e-02     2.99510e+04
    2.58235e+03     9.83994e-01     9.82872e-02     2.98180e+04
    2.58245e+03     9.79605e-01     9.80496e-02     2.96850e+04
    2.58255e+03     9.76074e-01     9.55152e-02     2.95780e+04
    2.58265e+03     9.82179e-01     9.81816e-02     2.97630e+04
    2.58275e+03     9.71718e-01     9.72576e-02     2.94460e+04
    2.58285e+03     9.87888e-01     9.49608e-02     2.99360e+04
    2.58295e+03     9.83169e-01     1.01350e-01     2.97930e+04
    2.58305e+03     9.85149e-01     9.68880e-02     2.98530e+04
    2.58315e+03     9.80199e-01     9.85248e-02     2.97030e+04
    2.58325e+03     9.55944e-01     9.71520e-02     2.89680e+04
    2.58335e+03     9.76668e-01     9.95544e-02     2.95960e+04
    2.58345e+03     9.68946e-01     9.72048e-02     2.93620e+04
    2.58355e+03     9.79968e-01     9.80496e-02     2.96960e+04
    2.58365e+03     9.82311e-01     9.77856e-02     2.97670e+04
    2.58375e+03     9.66504e-01     9.60432e-02     2.92880e+04
    2.58385e+03     9.72444e-01     9.51720e-02     2.94680e+04
    2.58395e+03     9.76668e-01     9.87360e-02     2.95960e+04
    2.58405e+03     9.69903e-01     9.84720e-02     2.93910e+04
    2.58415e+03     9.69936e-01     9.76536e-02     2.93920e+04
    2.58425e+03     9.68715e-01     9.71520e-02     2.93550e+04
    2.58435e+03     9.57297e-01     9.50400e-02     2.90090e+04
    2.58445e+03     9.63237e-01     9.64656e-02     2.91890e+04
    2.58455e+03     9.63006e-01     9.68880e-02     2.91820e+04
    2.58465e+03     9.54195e-01     9.51984e-02     2.89150e+04
    2.58475e+03     9.51555e-01     9.30336e-02     2.88350e+04
    2.58485e+03     9.58188e-01     9.49080e-02     2.90360e+04
    2.58495e+03     9.41886e-01     9.36408e-02     2.85420e+04
    2.58505e+03     9.30204e-01     9.24000e-02     2.81880e+04
    2.58515e+03     9.26145e-01     9.02880e-02     2.80650e+04
    2.58525e+03     9.11658e-01     9.00504e-02     2.76260e+04
    2.58535e+03     9.05355e-01     9.06576e-02     2.74350e+04
    2.58545e+03     9.05421e-01     9.08688e-02     2.74370e+04
    2.58555e+03     8.92353e-01     8.99976e-02     2.70410e+04
    2.58565e+03     8.73675e-01     8.58528e-02     2.64750e+04
    2.58575e+03     8.56845e-01     8.57736e-02     2.59650e+04
    2.58585e+03     8.29125e-01     7.97016e-02     2.51250e+04
    2.58595e+03     7.90251e-01     7.47912e-02     2.39470e+04
    2.58605e+03     7.42203e-01     7.15968e-02     2.24910e+04
    2.58615e+03     6.61881e-01     6.38880e-02     2.00570e+04
    2.58625e+03     5.39682e-01     4.91304e-02     1.63540e+04
    2.58635e+03     3.32970e-01     2.97792e-02     1.00900e+04
    2.58645e+03     1.07943e-01     7.78800e-03     3.27100e+03
    2.58655e+03     1.89090e-02     4.22400e-04     5.73000e+02
    2.58665e+03     2.54760e-02     1.00320e-03     7.72000e+02
    2.58675e+03     2.35818e-01     1.85856e-02     7.14600e+03
    2.58685e+03     7.88931e-01     6.93792e-02     2.39070e+04
    2.58695e+03     1.02138e+00     9.07104e-02     3.09510e+04
    2.58705e+03     1.02623e+00     9.75744e-02     3.10980e+04
    2.58715e+03     1.02270e+00     9.85776e-02     3.09910e+04
    2.58725e+03     1.01363e+00     9.77592e-02     3.07160e+04
    2.58735e+03     1.00878e+00     1.00003e-01     3.05690e+04
    2.58745e+03     1.00828e+00     9.88152e-02     3.05540e+04
    2.58755e+03     1.00894e+00     9.87624e-02     3.05740e+04
    2.58765e+03     1.00244e+00     9.80760e-02     3.03770e+04
    2.58775e+03     1.00637e+00     1.01878e-01     3.04960e+04
    2.58785e+03     1.00686e+00     9.69936e-02     3.05110e+04
    2.58795e+03     1.00406e+00     1.00241e-01     3.04260e+04
    2.58805e+03     1.00376e+00     1.01904e-01     3.04170e+04
    2.58815e+03     1.00957e+00     1.02406e-01     3.05930e+04
    2.58825e+03     1.00624e+00     9.88152e-02     3.04920e+04
    2.58835e+03     9.95049e-01     9.98448e-02     3.01530e+04
    2.58845e+03     1.00396e+00     9.87096e-02     3.04230e+04
    2.58855e+03     9.96699e-01     9.63336e-02     3.02030e+04
    2.58865e+03     1.00310e+00     9.92112e-02     3.03970e+04
    2.58875e+03     1.00393e+00     9.91848e-02     3.04220e+04
    2.58885e+03     1.00670e+00     1.00320e-01     3.05060e+04
    2.58895e+03     1.00257e+00     9.84456e-02     3.03810e+04
    2.58905e+03     9.91947e-01     9.92376e-02     3.00590e+04
    2.58915e+03     9.95049e-01     9.67296e-02     3.01530e+04
    2.58925e+03     9.93036e-01     9.87624e-02     3.00920e+04
    2.58935e+03     9.95247e-01     9.78384e-02     3.01590e+04
    2.58945e+03     1.00026e+00     1.01746e-01     3.03110e+04
    2.58955e+03     9.99471e-01     9.61752e-02     3.02870e+04
    2.58965e+03     9.98547e-01     9.98712e-02     3.02590e+04
    2.58975e+03     9.96105e-01     9.88944e-02     3.01850e+04
    2.58985e+03     9.99372e-01     1.01191e-01     3.02840e+04
    2.58995e+03     1.00082e+00     9.88416e-02     3.03280e+04
    2.59005e+03     9.95016e-01     1.00452e-01     3.01520e+04
    2.59015e+03     9.95280e-01     9.84720e-02     3.01600e+04
    2.59025e+03     1.01020e+00     1.02089e-01     3.06120e+04
    2.59035e+03     9.85743e-01     9.94224e-02     2.98710e+04
    2.59045e+03     9.97920e-01     1.00980e-01     3.02400e+04
    2.59055e+03     9.99405e-01     9.73368e-02     3.02850e+04
    2.59065e+03     9.99108e-01     1.00690e-01     3.02760e+04
    2.59075e+03     1.00488e+00     1.00663e-01     3.04510e+04
    2.59085e+03     9.94158e-01     1.01878e-01     3.01260e+04
    2.59095e+03     1.00766e+00     1.02142e-01     3.05350e+04
    2.59105e+03     1.00379e+00     1.00109e-01     3.04180e+04
    2.59115e+03     1.00191e+00     9.85248e-02     3.03610e+04
    2.59125e+03     1.00472e+00     9.80232e-02     3.04460e+04
    2.59135e+03     9.95511e-01     1.00663e-01     3.01670e+04
    2.59145e+03     1.00010e+00     1.00716e-01     3.03060e+04
    2.59155e+03     1.00601e+00     9.93696e-02     3.04850e+04
    2.59165e+03     9.99603e-01     9.79176e-02     3.02910e+04
    2.59175e+03     1.00016e+00     1.00003e-01     3.03080e+04
    2.59185e+03     1.00911e+00     1.01798e-01     3.05790e+04
    2.59195e+03     1.01762e+00     1.02643e-01     3.08370e+04
    2.59205e+03     1.00459e+00     1.02458e-01     3.04420e+04
    2.59215e+03     9.97755e-01     9.97128e-02     3.02350e+04
    2.59225e+03     9.96501e-01     9.90528e-02     3.01970e+04
    2.59235e+03     1.01353e+00     9.96072e-02     3.07130e+04
    2.59245e+03     9.90561e-01     1.01376e-01     3.00170e+04
    2.59255e+03     9.91188e-01     9.94224e-02     3.00360e+04
    2.59265e+03     9.95115e-01     1.00003e-01     3.01550e+04
    2.59275e+03     9.99636e-01     1.00558e-01     3.02920e+04
    2.59285e+03     1.00185e+00     9.95016e-02     3.03590e+04
    2.59295e+03     9.94092e-01     9.47496e-02     3.01240e+04
    2.59305e+03     1.00139e+00     1.01350e-01     3.03450e+04
    2.59315e+03     9.97722e-01     9.80760e-02     3.02340e+04
    2.59325e+03     9.88119e-01     1.00188e-01     2.99430e+04
    2.59335e+03     9.84951e-01     9.76008e-02     2.98470e+04
    2.59345e+03     9.75513e-01     9.64656e-02     2.95610e+04
    2.59355e+03     9.76899e-01     1.00109e-01     2.96030e+04
    2.59365e+03     9.65547e-01     9.56736e-02     2.92590e+04
    2.59375e+03     9.72048e-01     9.79704e-02     2.94560e+04
    2.59385e+03     9.68946e-01     9.42216e-02     2.93620e+04
    2.59395e+03     9.65976e-01     9.56736e-02     2.92720e+04
    2.59405e+03     9.69705e-01     9.56472e-02     2.93850e+04
    2.59415e+03     9.71883e-01     9.84192e-02     2.94510e+04
    2.59425e+03     9.75777e-01     9.88944e-02     2.95690e+04
    2.59435e+03     9.65910e-01     9.51192e-02     2.92700e+04
    2.59445e+03     9.70563e-01     9.56736e-02     2.94110e+04
    2.59455e+03     9.64491e-01     9.47760e-02     2.92270e+04
    2.59465e+03     9.74523e-01     9.74424e-02     2.95310e+04
    2.59475e+03     9.69606e-01     9.66504e-02     2.93820e+04
    2.59485e+03     9.64821e-01     9.75216e-02     2.92370e+04
    2.59495e+03     9.59079e-01     9.45912e-02     2.90630e+04
    2.59505e+03     9.59475e-01     9.60432e-02     2.90750e+04
    2.59515e+03     9.53040e-01     9.42216e-02     2.88800e+04
    2.59525e+03     9.57825e-01     9.54888e-02     2.90250e+04
    2.59535e+03     9.62742e-01     9.63072e-02     2.91740e+04
    2.59545e+03     9.61092e-01     9.65184e-02     2.91240e+04
    2.59555e+03     9.60003e-01     9.60960e-02     2.90910e+04
    2.59565e+03     9.46803e-01     9.41688e-02     2.86910e+04
    2.59575e+03     9.55944e-01     9.50400e-02     2.89680e+04
    2.59585e+03     9.55845e-01     9.60432e-02     2.89650e+04
    2.59595e+03     9.38916e-01     9.11328e-02     2.84520e+04
    2.59605e+03     9.55977e-01     9.48024e-02     2.89690e+04
    2.59615e+03     9.55251e-01     9.21096e-02     2.89470e+04
    2.59625e+03     9.43173e-01     9.19248e-02     2.85810e+04
    2.59635e+03     9.47529e-01     9.29280e-02     2.87130e+04
    2.59645e+03     9.53865e-01     9.46440e-02     2.89050e+04
    2.59655e+03     9.41754e-01     9.31656e-02     2.85380e+04
    2.59665e+03     9.47232e-01     9.27960e-02     2.87040e+04
    2.59675e+03     9.43206e-01     9.20304e-02     2.85820e+04
    2.59685e+03     9.26970e-01     9.04200e-02     2.80900e+04
    2.59695e+03     9.43734e-01     9.32448e-02     2.85980e+04
    2.59705e+03     9.33075e-01     8.95488e-02     2.82750e+04
    2.59715e+03     9.19545e-01     9.19512e-02     2.78650e+04
    2.59725e+03     9.25617e-01     8.94168e-02     2.80490e+04
    2.59735e+03     9.20337e-01     8.97072e-02     2.78890e+04
    2.59745e+03     9.15882e-01     8.92584e-02     2.77540e+04
    2.59755e+03     9.16080e-01     8.75952e-02     2.77600e+04
    2.59765e+03     9.06312e-01     8.49024e-02     2.74640e+04
    2.59775e+03     9.07500e-01     8.66712e-02     2.75000e+04
    2.59785e+03     8.94333e-01     8.61432e-02     2.71010e+04
    2.59795e+03     9.04035e-01     8.53248e-02     2.73950e+04
    2.59805e+03     8.88624e-01     8.38464e-02     2.69280e+04
    2.59815e+03     8.76810e-01     8.47704e-02     2.65700e+04
    2.59825e+03     8.71134e-01     8.15760e-02     2.63980e+04
    2.59835e+03     8.55195e-01     8.16024e-02     2.59150e+04
    2.59845e+03     8.44074e-01     7.86456e-02     2.55780e+04
    2.59855e+03     8.38761e-01     7.70616e-02     2.54170e+04
    2.59865e+03     8.23779e-01     7.60584e-02     2.49630e+04
    2.59875e+03     8.12130e-01     7.31808e-02     2.46100e+04
    2.59885e+03     7.89624e-01     7.18608e-02     2.39280e+04
    2.59895e+03     7.66887e-01     6.45216e-02     2.32390e+04
    2.59905e+03     7.34448e-01     6.20136e-02     2.22560e+04
    2.59915e+03     7.16463e-01     5.90040e-02     2.17110e+04
    2.59925e+03     6.82077e-01     5.64168e-02     2.06690e+04
    2.59935e+03     6.32940e-01     4.78368e-02     1.91800e+04
    2.59945e+03     5.74464e-01     4.11048e-02     1.74080e+04
    2.59955e+03     5.13348e-01     3.14424e-02     1.55560e+04
    2.59965e+03     4.24314e-01     2.12256e-02     1.28580e+04
    2.59975e+03     3.25149e-01     1.14312e-02     9.85300e+03
    2.59985e+03     2.04600e-01     2.50800e-03     6.20000e+03
    2.59995e+03     7.72530e-02     7.92000e-05     2.34100e+03
    2.60005e+03     3.16470e-02     0.00000e+00     9.59000e+02
    2.60015e+03     3.31980e-02     0.00000e+00     1.00600e+03
    2.60025e+03     4.97310e-02     7.92000e-05     1.50700e+03
    2.60035e+03     5.25987e-01     2.02752e-02     1.59390e+04
    2.60045e+03     1.39293e+00     6.82176e-02     4.22100e+04
    2.60055e+03     1.47005e+00     8.67768e-02     4.45470e+04
    2.60065e+03     1.36158e+00     9.09216e-02     4.12600e+04
    2.60075e+03     1.27812e+00     9.26376e-02     3.87310e+04
    2.60085e+03     1.23661e+00     9.50136e-02     3.74730e+04
    2.60095e+03     1.18800e+00     9.49080e-02     3.60000e+04
    2.60105e+03     1.14952e+00     1.00294e-01     3.48340e+04
    2.60115e+03     1.12943e+00     9.66504e-02     3.42250e+04
    2.60125e+03     1.11220e+00     9.74952e-02     3.37030e+04
    2.60135e+03     1.10850e+00     1.00214e-01     3.35910e+04
    2.60145e+03     1.08950e+00     9.76272e-02     3.30150e+04
    2.60155e+03     1.08983e+00     9.96600e-02     3.30250e+04
    2.60165e+03     1.06742e+00     9.72840e-02     3.23460e+04
    2.60175e+03     1.05636e+00     9.63336e-02     3.20110e+04
    2.60185e+03     1.04966e+00     1.00162e-01     3.18080e+04
    2.60195e+03     1.05214e+00     1.00346e-01     3.18830e+04
    2.60205e+03     1.05207e+00     1.02881e-01     3.18810e+04
    2.60215e+03     1.03953e+00     1.03963e-01     3.15010e+04
    2.60225e+03     1.04313e+00     1.01218e-01     3.16100e+04
    2.60235e+03     1.04323e+00     9.90000e-02     3.16130e+04
    2.60245e+03     1.03795e+00     1.00478e-01     3.14530e+04
    2.60255e+03     1.03646e+00     9.83664e-02     3.14080e+04
    2.60265e+03     1.03188e+00     9.96600e-02     3.12690e+04
    2.60275e+03     1.02983e+00     9.93168e-02     3.12070e+04
    2.60285e+03     1.01917e+00     9.79176e-02     3.08840e+04
    2.60295e+03     1.03736e+00     1.00584e-01     3.14350e+04
    2.60305e+03     1.02996e+00     9.95016e-02     3.12110e+04
    2.60315e+03     1.01990e+00     1.00954e-01     3.09060e+04
    2.60325e+03     1.01769e+00     9.90000e-02     3.08390e+04
    2.60335e+03     1.01633e+00     9.88944e-02     3.07980e+04
    2.60345e+03     1.01125e+00     9.86040e-02     3.06440e+04
    2.60355e+03     1.01756e+00     1.00452e-01     3.08350e+04
    2.60365e+03     1.01551e+00     9.84720e-02     3.07730e+04
    2.60375e+03     1.01122e+00     9.96336e-02     3.06430e+04
    2.60385e+03     1.01363e+00     1.01429e-01     3.07160e+04
    2.60395e+03     1.00333e+00     9.71784e-02     3.04040e+04
    2.60405e+03     1.01053e+00     1.00822e-01     3.06220e+04
    2.60415e+03     1.01508e+00     9.86304e-02     3.07600e+04
    2.60425e+03     1.01138e+00     1.00505e-01     3.06480e+04
    2.60435e+03     1.01056e+00     9.96600e-02     3.06230e+04
    2.60445e+03     1.01617e+00     1.02379e-01     3.07930e+04
    2.60455e+03     9.97524e-01     1.00505e-01     3.02280e+04
    2.60465e+03     1.01099e+00     1.01640e-01     3.06360e+04
    2.60475e+03     1.00389e+00     1.00822e-01     3.04210e+04
    2.60485e+03     1.00584e+00     9.81288e-02     3.04800e+04
    2.60495e+03     1.01538e+00     9.86040e-02     3.07690e+04
    2.60505e+03     1.00990e+00     1.00505e-01     3.06030e+04
    2.60515e+03     1.00706e+00     9.72048e-02     3.05170e+04
    2.60525e+03     1.00944e+00     9.96864e-02     3.05890e+04
    2.60535e+03     9.94917e-01     9.47496e-02     3.01490e+04
    2.60545e+03     1.00680e+00     1.00478e-01     3.05090e+04
    2.60555e+03     1.00469e+00     9.88944e-02     3.04450e+04
    2.60565e+03     1.00459e+00     1.00874e-01     3.04420e+04
    2.60575e+03     1.00465e+00     1.00003e-01     3.04440e+04
    2.60585e+03     1.00696e+00     1.01614e-01     3.05140e+04
    2.60595e+03     1.00033e+00     1.00558e-01     3.03130e+04
    2.60605e+03     9.90033e-01     1.00162e-01     3.00010e+04
    2.60615e+03     1.00610e+00     1.01666e-01     3.04880e+04
    2.60625e+03     1.00597e+00     1.01297e-01     3.04840e+04
    2.60635e+03     9.99240e-01     1.01244e-01     3.02800e+04
    2.60645e+03     1.00247e+00     1.00452e-01     3.03780e+04
    2.60655e+03     1.00376e+00     9.92376e-02     3.04170e+04
    2.60665e+03     9.86040e-01     9.78120e-02     2.98800e+04
    2.60675e+03     9.95940e-01     9.86304e-02     3.01800e+04
    2.60685e+03     1.00317e+00     1.00162e-01     3.03990e+04
    2.60695e+03     1.00416e+00     1.00373e-01     3.04290e+04
    2.60705e+03     9.96963e-01     1.00346e-01     3.02110e+04
    2.60715e+03     1.00584e+00     9.96072e-02     3.04800e+04
    2.60725e+03     9.93201e-01     9.78648e-02     3.00970e+04
    2.60735e+03     1.00432e+00     1.03699e-01     3.04340e+04
    2.60745e+03     9.99240e-01     9.81024e-02     3.02800e+04
    2.60755e+03     1.00653e+00     1.00109e-01     3.05010e+04
    2.60765e+03     9.98481e-01     1.00980e-01     3.02570e+04
    2.60775e+03     1.00488e+00     1.00056e-01     3.04510e+04
    2.60785e+03     1.00145e+00     9.90528e-02     3.03470e+04
    2.60795e+03     1.00587e+00     9.83664e-02     3.04810e+04
    2.60805e+03     9.96237e-01     9.96336e-02     3.01890e+04
    2.60815e+03     9.97326e-01     1.01191e-01     3.02220e+04
    2.60825e+03     9.96996e-01     9.98712e-02     3.02120e+04
    2.60835e+03     1.00409e+00     1.00003e-01     3.04270e+04
    2.60845e+03     1.00376e+00     1.04095e-01     3.04170e+04
    2.60855e+03     1.00287e+00     1.02617e-01     3.03900e+04
    2.60865e+03     9.96534e-01     1.01878e-01     3.01980e+04
    2.60875e+03     1.00287e+00     1.02511e-01     3.03900e+04
    2.60885e+03     1.00422e+00     9.98976e-02     3.04310e+04
    2.60895e+03     1.00531e+00     1.00030e-01     3.04640e+04
    2.60905e+03     1.00323e+00     1.01086e-01     3.04010e+04
    2.60915e+03     1.00739e+00     9.91056e-02     3.05270e+04
    2.60925e+03     9.98943e-01     9.96600e-02     3.02710e+04
    2.60935e+03     1.00498e+00     1.00346e-01     3.04540e+04
    2.60945e+03     9.99834e-01     9.89472e-02     3.02980e+04
    2.60955e+03     1.00739e+00     1.02115e-01     3.05270e+04
    2.60965e+03     1.00030e+00     1.01508e-01     3.03120e+04
    2.60975e+03     1.00548e+00     1.00610e-01     3.04690e+04
    2.60985e+03     1.00703e+00     9.81552e-02     3.05160e+04
    2.60995e+03     9.94851e-01     9.92640e-02     3.01470e+04
    2.61005e+03     1.00911e+00     9.90528e-02     3.05790e+04
    2.61015e+03     1.00878e+00     9.78120e-02     3.05690e+04
    2.61025e+03     9.96138e-01     9.87360e-02     3.01860e+04
    2.61035e+03     9.97590e-01     9.98448e-02     3.02300e+04
    2.61045e+03     1.00320e+00     1.00294e-01     3.04000e+04
    2.61055e+03     9.99438e-01     1.00056e-01     3.02860e+04
    2.61065e+03     9.99207e-01     9.93696e-02     3.02790e+04
    2.61075e+03     1.00911e+00     9.74952e-02     3.05790e+04
    2.61085e+03     1.01495e+00     1.01640e-01     3.07560e+04
    2.61095e+03     1.00769e+00     9.86832e-02     3.05360e+04
    2.61105e+03     1.00713e+00     9.87888e-02     3.05190e+04
    2.61115e+03     1.00861e+00     9.87624e-02     3.05640e+04
    2.61125e+03     1.00977e+00     1.00848e-01     3.05990e+04
    2.61135e+03     1.01749e+00     1.00452e-01     3.08330e+04
    2.61145e+03     1.01709e+00     9.95544e-02     3.08210e+04
    2.61155e+03     1.02066e+00     1.01851e-01     3.09290e+04
    2.61165e+03     1.01983e+00     9.87360e-02     3.09040e+04
    2.61175e+03     1.03636e+00     9.96072e-02     3.14050e+04
    2.61185e+03     1.03472e+00     9.72840e-02     3.13550e+04
    2.61195e+03     1.04966e+00     1.00162e-01     3.18080e+04
    2.61205e+03     1.05052e+00     1.01165e-01     3.18340e+04
    2.61215e+03     1.05574e+00     9.71256e-02     3.19920e+04
    2.61225e+03     1.09609e+00     1.01772e-01     3.32150e+04
    2.61235e+03     1.14408e+00     9.84720e-02     3.46690e+04
    2.61245e+03     1.34531e+00     9.84720e-02     4.07670e+04
    2.61255e+03     1.85331e+00     9.91848e-02     5.61610e+04
    2.61265e+03     2.37412e+00     1.01033e-01     7.19430e+04
    2.61275e+03     1.85325e+00     1.00690e-01     5.61590e+04
    2.61285e+03     1.33746e+00     9.90000e-02     4.05290e+04
    2.61295e+03     1.15154e+00     9.96600e-02     3.48950e+04
    2.61305e+03     1.09534e+00     1.01455e-01     3.31920e+04
    2.61315e+03     1.06207e+00     1.01376e-01     3.21840e+04
    2.61325e+03     1.04811e+00     9.99504e-02     3.17610e+04
    2.61335e+03     1.03118e+00     1.00663e-01     3.12480e+04
    2.61345e+03     1.03049e+00     9.81816e-02     3.12270e+04
    2.61355e+03     1.03495e+00     1.02379e-01     3.13620e+04
    2.61365e+03     1.02046e+00     9.73368e-02     3.09230e+04
    2.61375e+03     1.00924e+00     9.79968e-02     3.05830e+04
    2.61385e+03     1.01617e+00     1.03699e-01     3.07930e+04
    2.61395e+03     1.00884e+00     1.02115e-01     3.05710e+04
    2.61405e+03     1.01762e+00     9.98712e-02     3.08370e+04
    2.61415e+03     1.00742e+00     9.81816e-02     3.05280e+04
    2.61425e+03     1.00076e+00     1.00109e-01     3.03260e+04
    2.61435e+03     1.01287e+00     9.99240e-02     3.06930e+04
    2.61445e+03     9.94422e-01     1.00505e-01     3.01340e+04
    2.61455e+03     1.00498e+00     9.60960e-02     3.04540e+04
    2.61465e+03     1.00228e+00     1.01693e-01     3.03720e+04
    2.61475e+03     9.99933e-01     9.84192e-02     3.03010e+04
    2.61485e+03     1.00320e+00     9.98448e-02     3.04000e+04
    2.61495e+03     1.00627e+00     1.01508e-01     3.04930e+04
    2.61505e+03     1.01383e+00     9.92904e-02     3.07220e+04
    2.61515e+03     9.99570e-01     9.95808e-02     3.02900e+04
    2.61525e+03     9.94389e-01     9.76536e-02     3.01330e+04
    2.61535e+03     1.01389e+00     9.93696e-02     3.07240e+04
    2.61545e+03     9.98184e-01     1.00584e-01     3.02480e+04
    2.61555e+03     9.96699e-01     9.91056e-02     3.02030e+04
    2.61565e+03     1.01155e+00     1.02907e-01     3.06530e+04
    2.61575e+03     9.95280e-01     9.90000e-02     3.01600e+04
    2.61585e+03     9.98481e-01     9.90264e-02     3.02570e+04
    2.61595e+03     1.00541e+00     9.95280e-02     3.04670e+04
    2.61605e+03     1.00353e+00     9.91320e-02     3.04100e+04
    2.61615e+03     1.00261e+00     9.78648e-02     3.03820e+04
    2.61625e+03     1.00673e+00     1.02696e-01     3.05070e+04
    2.61635e+03     1.00581e+00     1.01191e-01     3.04790e+04
    2.61645e+03     1.00716e+00     9.98976e-02     3.05200e+04
    2.61655e+03     1.01158e+00     1.01165e-01     3.06540e+04
    2.61665e+03     1.00426e+00     1.02854e-01     3.04320e+04
    2.61675e+03     1.00158e+00     1.01086e-01     3.03510e+04
    2.61685e+03     9.97887e-01     9.80232e-02     3.02390e+04
    2.61695e+03     1.00660e+00     1.01640e-01     3.05030e+04
    2.61705e+03     1.00488e+00     9.91056e-02     3.04510e+04
    2.61715e+03     1.00571e+00     9.96864e-02     3.04760e+04
    2.61725e+03     1.00957e+00     9.99240e-02     3.05930e+04
    2.61735e+03     1.00640e+00     1.00373e-01     3.04970e+04
    2.61745e+03     1.00620e+00     1.01587e-01     3.04910e+04
    2.61755e+03     9.93927e-01     9.88416e-02     3.01190e+04
    2.61765e+03     1.00294e+00     1.00188e-01     3.03920e+04
    2.61775e+03     1.00511e+00     9.93432e-02     3.04580e+04
    2.61785e+03     1.01135e+00     1.00294e-01     3.06470e+04
    2.61795e+03     1.00459e+00     9.90264e-02     3.04420e+04
    2.61805e+03     1.00040e+00     9.81024e-02     3.03150e+04
    2.61815e+03     9.85743e-01     9.87888e-02     2.98710e+04
    2.61825e+03     9.97524e-01     1.01244e-01     3.02280e+04
    2.61835e+03     1.00515e+00     9.87360e-02     3.04590e+04
    2.61845e+03     1.00102e+00     9.83664e-02     3.03340e+04
    2.61855e+03     9.99009e-01     9.80496e-02     3.02730e+04
    2.61865e+03     9.93795e-01     1.01561e-01     3.01150e+04
    2.61875e+03     9.95973e-01     9.96072e-02     3.01810e+04
    2.61885e+03     1.00620e+00     1.01534e-01     3.04910e+04
    2.61895e+03     1.00135e+00     1.01138e-01     3.03440e+04
    2.61905e+03     1.01294e+00     1.03435e-01     3.06950e+04
    2.61915e+03     1.00106e+00     1.01930e-01     3.03350e+04
    2.61925e+03     9.96831e-01     1.01112e-01     3.02070e+04
    2.61935e+03     9.93927e-01     9.83928e-02     3.01190e+04
    2.61945e+03     9.87525e-01     9.66768e-02     2.99250e+04
    2.61955e+03     1.00016e+00     9.81288e-02     3.03080e+04
    2.61965e+03     1.00297e+00     1.03198e-01     3.03930e+04
    2.61975e+03     9.94950e-01     1.01138e-01     3.01500e+04
    2.61985e+03     9.91023e-01     9.61488e-02     3.00310e+04
    2.61995e+03     1.00257e+00     1.02617e-01     3.03810e+04
    2.62005e+03     9.99207e-01     9.96336e-02     3.02790e+04
    2.62015e+03     1.00934e+00     1.00452e-01     3.05860e+04
    2.62025e+03     1.00432e+00     9.98448e-02     3.04340e+04
    2.62035e+03     1.00145e+00     1.01402e-01     3.03470e+04
    2.62045e+03     1.00505e+00     1.00030e-01     3.04560e+04
    2.62055e+03     1.00574e+00     1.02432e-01     3.04770e+04
    2.62065e+03     9.83235e-01     9.75480e-02     2.97950e+04
    2.62075e+03     9.93498e-01     1.00769e-01     3.01060e+04
    2.62085e+03     1.00871e+00     1.03910e-01     3.05670e+04
    2.62095e+03     9.94983e-01     9.95016e-02     3.01510e+04
    2.62105e+03     9.96435e-01     1.02986e-01     3.01950e+04
    2.62115e+03     1.00502e+00     1.02802e-01     3.04550e+04
    2.62125e+03     9.94752e-01     9.69672e-02     3.01440e+04
    2.62135e+03     9.97293e-01     1.01112e-01     3.02210e+04
    2.62145e+03     1.00696e+00     9.87624e-02     3.05140e+04
    2.62155e+03     1.00320e+00     1.00030e-01     3.04000e+04
    2.62165e+03     9.92310e-01     9.83928e-02     3.00700e+04
    2.62175e+03     1.00501e+00     1.00610e-01     3.04550e+04
    2.62185e+03     9.96567e-01     1.00082e-01     3.01990e+04
    2.62195e+03     9.94752e-01     9.97656e-02     3.01440e+04
    2.62205e+03     9.96369e-01     1.00109e-01     3.01930e+04
    2.62215e+03     1.00132e+00     1.01482e-01     3.03430e+04
    2.62225e+03     9.95412e-01     9.95280e-02     3.01640e+04
    2.62235e+03     9.95478e-01     1.00241e-01     3.01660e+04
    2.62245e+03     9.97425e-01     1.00109e-01     3.02250e+04
    2.62255e+03     9.96699e-01     9.95280e-02     3.02030e+04
    2.62265e+03     1.00419e+00     9.81024e-02     3.04300e+04
    2.62275e+03     1.00802e+00     1.03646e-01     3.05460e+04
    2.62285e+03     1.00304e+00     9.91584e-02     3.03950e+04
    2.62295e+03     1.00013e+00     9.99768e-02     3.03070e+04
    2.62305e+03     9.98019e-01     1.00426e-01     3.02430e+04
    2.62315e+03     1.00871e+00     1.00531e-01     3.05670e+04
    2.62325e+03     1.00105e+00     9.96336e-02     3.03350e+04
    2.62335e+03     1.00726e+00     1.00426e-01     3.05230e+04
    2.62345e+03     9.99240e-01     1.00558e-01     3.02800e+04
    2.62355e+03     9.98778e-01     9.60960e-02     3.02660e+04
    2.62365e+03     1.00531e+00     1.01851e-01     3.04640e+04
    2.62375e+03     1.00690e+00     1.02458e-01     3.05120e+04
    2.62385e+03     9.95511e-01     9.61752e-02     3.01670e+04
    2.62395e+03     9.99669e-01     9.94752e-02     3.02930e+04
    2.62405e+03     1.00647e+00     1.01191e-01     3.04990e+04
    2.62415e+03     1.00244e+00     9.67560e-02     3.03770e+04
    2.62425e+03     1.00327e+00     9.86040e-02     3.04020e+04
    2.62435e+03     1.01105e+00     1.02722e-01     3.06380e+04
    2.62445e+03     1.01204e+00     1.00056e-01     3.06680e+04
    2.62455e+03     9.98019e-01     9.80760e-02     3.02430e+04
    2.62465e+03     1.01643e+00     1.00980e-01     3.08010e+04
    2.62475e+03     1.01227e+00     9.84720e-02     3.06750e+04
    2.62485e+03     1.02013e+00     1.01640e-01     3.09130e+04
    2.62495e+03     1.00426e+00     9.87624e-02     3.04320e+04
    2.62505e+03     1.01666e+00     1.00690e-01     3.08080e+04
    2.62515e+03     1.02181e+00     1.00822e-01     3.09640e+04
    2.62525e+03     1.02689e+00     9.80760e-02     3.11180e+04
    2.62535e+03     1.03359e+00     9.90792e-02     3.13210e+04
    2.62545e+03     1.03580e+00     1.00373e-01     3.13880e+04
    2.62555e+03     1.05049e+00     1.03013e-01     3.18330e+04
    2.62565e+03     1.03831e+00     1.01904e-01     3.14640e+04
    2.62575e+03     1.04349e+00     9.77328e-02     3.16210e+04
    2.62585e+03     1.07148e+00     1.02538e-01     3.24690e+04
    2.62595e+03     1.10510e+00     9.90000e-02     3.34880e+04
    2.62605e+03     1.15381e+00     1.00399e-01     3.49640e+04
    2.62615e+03     1.27568e+00     9.78120e-02     3.86570e+04
    2.62625e+03     1.64125e+00     9.83664e-02     4.97350e+04
    2.62635e+03     2.62749e+00     1.02221e-01     7.96210e+04
    2.62645e+03     3.53562e+00     1.00452e-01     1.07140e+05
    2.62655e+03     2.61644e+00     1.00848e-01     7.92860e+04
    2.62665e+03     1.63796e+00     1.00003e-01     4.96350e+04
    2.62675e+03     1.27489e+00     1.03118e-01     3.86330e+04
    2.62685e+03     1.15625e+00     9.94224e-02     3.50380e+04
    2.62695e+03     1.10421e+00     9.84192e-02     3.34610e+04
    2.62705e+03     1.08214e+00     1.03567e-01     3.27920e+04
    2.62715e+03     1.05343e+00     9.91584e-02     3.19220e+04
    2.62725e+03     1.04201e+00     1.00848e-01     3.15760e+04
    2.62735e+03     1.02323e+00     1.01244e-01     3.10070e+04
    2.62745e+03     1.02254e+00     1.01191e-01     3.09860e+04
    2.62755e+03     1.02917e+00     9.90528e-02     3.11870e+04
    2.62765e+03     1.02392e+00     9.99504e-02     3.10280e+04
    2.62775e+03     1.01554e+00     9.86040e-02     3.07740e+04
    2.62785e+03     1.00805e+00     9.80496e-02     3.05470e+04
    2.62795e+03     1.02775e+00     1.01798e-01     3.11440e+04
    2.62805e+03     1.01465e+00     1.02142e-01     3.07470e+04
    2.62815e+03     9.98085e-01     9.90792e-02     3.02450e+04
    2.62825e+03     9.96171e-01     9.57792e-02     3.01870e+04
    2.62835e+03     9.96600e-01     1.01270e-01     3.02000e+04
    2.62845e+03     1.01650e+00     1.00373e-01     3.08030e+04
    2.62855e+03     1.01119e+00     9.95280e-02     3.06420e+04
    2.62865e+03     1.00667e+00     1.00478e-01     3.05050e+04
    2.62875e+03     1.01429e+00     9.88944e-02     3.07360e+04
    2.62885e+03     1.01125e+00     1.02458e-01     3.06440e+04
    2.62895e+03     1.00643e+00     9.90792e-02     3.04980e+04
    2.62905e+03     1.00960e+00     9.90000e-02     3.05940e+04
    2.62915e+03     1.00294e+00     9.85776e-02     3.03920e+04
    2.62925e+03     1.00459e+00     9.70200e-02     3.04420e+04
    2.62935e+03     1.00465e+00     9.95016e-02     3.04440e+04
    2.62945e+03     1.00601e+00     9.79440e-02     3.04850e+04
    2.62955e+03     1.00591e+00     1.01244e-01     3.04820e+04
    2.62965e+03     1.00518e+00     1.01218e-01     3.04600e+04
    2.62975e+03     9.96468e-01     9.72576e-02     3.01960e+04
    2.62985e+03     1.00399e+00     9.79176e-02     3.04240e+04
    2.62995e+03     1.00594e+00     1.01508e-01     3.04830e+04
    2.63005e+03     1.01270e+00     1.02828e-01     3.06880e+04
    2.63015e+03     1.01119e+00     1.00848e-01     3.06420e+04
    2.63025e+03     1.00221e+00     1.00980e-01     3.03700e+04
    2.63035e+03     9.97227e-01     1.00162e-01     3.02190e+04
    2.63045e+03     1.01115e+00     1.00214e-01     3.06410e+04
    2.63055e+03     1.00056e+00     9.76800e-02     3.03200e+04
    2.63065e+03     1.00452e+00     1.00742e-01     3.04400e+04
    2.63075e+03     1.01115e+00     1.00294e-01     3.06410e+04
    2.63085e+03     1.00924e+00     1.01033e-01     3.05830e+04
    2.63095e+03     1.01152e+00     1.00346e-01     3.06520e+04
    2.63105e+03     1.01297e+00     9.80232e-02     3.06960e+04
    2.63115e+03     1.00874e+00     1.00452e-01     3.05680e+04
    2.63125e+03     1.01016e+00     9.92376e-02     3.06110e+04
    2.63135e+03     1.01478e+00     9.82872e-02     3.07510e+04
    2.63145e+03     1.02515e+00     1.01323e-01     3.10650e+04
    2.63155e+03     1.02072e+00     1.00426e-01     3.09310e+04
    2.63165e+03     1.02772e+00     9.80760e-02     3.11430e+04
    2.63175e+03     1.04320e+00     1.00241e-01     3.16120e+04
    2.63185e+03     1.09273e+00     9.99768e-02     3.31130e+04
    2.63195e+03     1.25360e+00     9.95544e-02     3.79880e+04
    2.63205e+03     1.58304e+00     1.00188e-01     4.79710e+04
    2.63215e+03     1.63218e+00     9.98712e-02     4.94600e+04
    2.63225e+03     1.29112e+00     1.00109e-01     3.91250e+04
    2.63235e+03     1.11702e+00     9.65976e-02     3.38490e+04
    2.63245e+03     1.06125e+00     9.94488e-02     3.21590e+04
    2.63255e+03     1.04003e+00     9.84192e-02     3.15160e+04
    2.63265e+03     1.02736e+00     1.01455e-01     3.11320e+04
    2.63275e+03     1.03237e+00     1.01455e-01     3.12840e+04
    2.63285e+03     1.02194e+00     1.00162e-01     3.09680e+04
    2.63295e+03     1.01815e+00     9.91056e-02     3.08530e+04
    2.63305e+03     1.00944e+00     9.94488e-02     3.05890e+04
    2.63315e+03     1.00205e+00     9.66504e-02     3.03650e+04
    2.63325e+03     1.01076e+00     1.03673e-01     3.06290e+04
    2.63335e+03     1.01327e+00     1.00399e-01     3.07050e+04
    2.63345e+03     1.00370e+00     1.01376e-01     3.04150e+04
    2.63355e+03     1.00812e+00     9.82872e-02     3.05490e+04
    2.63365e+03     1.00188e+00     1.00637e-01     3.03600e+04
    2.63375e+03     1.00541e+00     1.02379e-01     3.04670e+04
    2.63385e+03     9.98613e-01     9.73896e-02     3.02610e+04
    2.63395e+03     9.99669e-01     9.97920e-02     3.02930e+04
    2.63405e+03     1.00109e+00     1.01270e-01     3.03360e+04
    2.63415e+03     1.00148e+00     1.00056e-01     3.03480e+04
    2.63425e+03     1.00168e+00     9.75480e-02     3.03540e+04
    2.63435e+03     9.97755e-01     9.90792e-02     3.02350e+04
    2.63445e+03     1.00528e+00     1.00135e-01     3.04630e+04
    2.63455e+03     9.97821e-01     9.92640e-02     3.02370e+04
    2.63465e+03     1.00686e+00     1.02379e-01     3.05110e+04
    2.63475e+03     1.00185e+00     9.99240e-02     3.03590e+04
    2.63485e+03     9.94752e-01     1.01270e-01     3.01440e+04
    2.63495e+03     1.00003e+00     1.00663e-01     3.03040e+04
    2.63505e+03     9.93630e-01     9.72576e-02     3.01100e+04
    2.63515e+03     9.94092e-01     9.98976e-02     3.01240e+04
    2.63525e+03     1.00066e+00     1.01402e-01     3.03230e+04
    2.63535e+03     1.00135e+00     9.95016e-02     3.03440e+04
    2.63545e+03     9.96567e-01     9.65184e-02     3.01990e+04
    2.63555e+03     1.00145e+00     9.79176e-02     3.03470e+04
    2.63565e+03     1.00594e+00     9.67824e-02     3.04830e+04
    2.63575e+03     9.98349e-01     1.00822e-01     3.02530e+04
    2.63585e+03     1.00455e+00     9.98448e-02     3.04410e+04
    2.63595e+03     9.94719e-01     9.87096e-02     3.01430e+04
    2.63605e+03     9.99339e-01     1.00795e-01     3.02830e+04
    2.63615e+03     1.00086e+00     1.01218e-01     3.03290e+04
    2.63625e+03     1.00063e+00     1.02432e-01     3.03220e+04
    2.63635e+03     9.98151e-01     9.85776e-02     3.02470e+04
    2.63645e+03     1.00561e+00     1.00478e-01     3.04730e+04
    2.63655e+03     1.00063e+00     1.00505e-01     3.03220e+04
    2.63665e+03     9.93300e-01     9.85248e-02     3.01000e+04
    2.63675e+03     9.91749e-01     9.77592e-02     3.00530e+04
    2.63685e+03     9.88878e-01     9.70464e-02     2.99660e+04
    2.63695e+03     9.98943e-01     9.99504e-02     3.02710e+04
    2.63705e+03     9.98019e-01     1.01614e-01     3.02430e+04
    2.63715e+03     9.99900e-01     1.00399e-01     3.03000e+04
    2.63725e+03     1.00069e+00     9.88680e-02     3.03240e+04
    2.63735e+03     9.96369e-01     1.00373e-01     3.01930e+04
    2.63745e+03     9.99306e-01     9.95544e-02     3.02820e+04
    2.63755e+03     9.98778e-01     9.80760e-02     3.02660e+04
    2.63765e+03     1.00300e+00     9.92112e-02     3.03940e+04
    2.63775e+03     9.91353e-01     1.00030e-01     3.00410e+04
    2.63785e+03     1.00422e+00     9.96864e-02     3.04310e+04
    2.63795e+03     1.00647e+00     9.96864e-02     3.04990e+04
    2.63805e+03     9.97359e-01     1.01376e-01     3.02230e+04
    2.63815e+03     9.97986e-01     9.85248e-02     3.02420e+04
    2.63825e+03     1.00076e+00     1.00162e-01     3.03260e+04
    2.63835e+03     1.00264e+00     1.00162e-01     3.03830e+04
    2.63845e+03     1.00610e+00     1.02722e-01     3.04880e+04
    2.63855e+03     1.00053e+00     9.94752e-02     3.03190e+04
    2.63865e+03     9.95643e-01     9.71784e-02     3.01710e+04
    2.63875e+03     1.01168e+00     1.03409e-01     3.06570e+04
    2.63885e+03     9.92508e-01     1.01798e-01     3.00760e+04
    2.63895e+03     9.96765e-01     1.01851e-01     3.02050e+04
