    2.57305e+03     9.94851e-01     1.01798e-01     3.01470e+04
    2.57315e+03     1.00129e+00     9.88944e-02     3.03420e+04
    2.57325e+03     9.94356e-01     1.00478e-01     3.01320e+04
    2.57335e+03     9.98316e-01     9.96864e-02     3.02520e+04
    2.57345e+03     1.00587e+00     1.01086e-01     3.04810e+04
    2.57355e+03     9.98415e-01     9.99504e-02     3.02550e+04
    2.57365e+03     9.96666e-01     9.88680e-02     3.02020e+04
    2.57375e+03     9.91353e-01     9.61224e-02     3.00410e+04
    2.57385e+03     9.93927e-01     9.91848e-02     3.01190e+04
    2.57395e+03     1.00436e+00     9.89208e-02     3.04350e+04
    2.57405e+03     9.93861e-01     9.94752e-02     3.01170e+04
    2.57415e+03     1.00172e+00     9.89736e-02     3.03550e+04
    2.57425e+03     1.00521e+00     1.01930e-01     3.04610e+04
    2.57435e+03     1.00726e+00     9.97392e-02     3.05230e+04
    2.57445e+03     9.92376e-01     9.85776e-02     3.00720e+04
    2.57455e+03     1.00637e+00     1.02775e-01     3.04960e+04
    2.57465e+03     9.99075e-01     1.00109e-01     3.02750e+04
    2.57475e+03     9.93927e-01     1.02986e-01     3.01190e+04
    2.57485e+03     9.89274e-01     1.00426e-01     2.99780e+04
    2.57495e+03     1.00676e+00     9.94752e-02     3.05080e+04
    2.57505e+03     9.98547e-01     1.02115e-01     3.02590e+04
    2.57515e+03     9.92871e-01     1.00927e-01     3.00870e+04
    2.57525e+03     1.00841e+00     1.00241e-01     3.05580e+04
    2.57535e+03     9.96831e-01     1.00135e-01     3.02070e+04
    2.57545e+03     9.99009e-01     1.01244e-01     3.02730e+04
    2.57555e+03     9.91089e-01     9.94488e-02     3.00330e+04
    2.57565e+03     1.00871e+00     9.84984e-02     3.05670e+04
    2.57575e+03     9.95379e-01     9.91320e-02     3.01630e+04
    2.57585e+03     9.95709e-01     1.00874e-01     3.01730e+04
    2.57595e+03     1.00218e+00     1.00558e-01     3.03690e+04
    2.57605e+03     1.00472e+00     9.90000e-02     3.04460e+04
    2.57615e+03     1.00056e+00     9.66240e-02     3.03200e+04
    2.57625e+03     1.01132e+00     1.00452e-01     3.06460e+04
    2.57635e+03     1.00135e+00     1.00452e-01     3.03440e+04
    2.57645e+03     1.00703e+00     1.04095e-01     3.05160e+04
    2.57655e+03     9.98679e-01     1.02062e-01     3.02630e+04
    2.57665e+03     1.00399e+00     9.85776e-02     3.04240e+04
    2.57675e+03     1.00554e+00     1.00135e-01     3.04710e+04
    2.57685e+03     1.00799e+00     9.87888e-02     3.05450e+04
    2.57695e+03     1.00158e+00     9.83136e-02     3.03510e+04
    2.57705e+03     1.00115e+00     9.95016e-02     3.03380e+04
    2.57715e+03     1.00340e+00     9.81288e-02     3.04060e+04
    2.57725e+03     9.99636e-01     9.99240e-02     3.02920e+04
    2.57735e+03     1.00330e+00     1.00901e-01     3.04030e+04
    2.57745e+03     1.00297e+00     1.01534e-01     3.03930e+04
    2.57755e+03     9.92244e-01     9.81024e-02     3.00680e+04
    2.57765e+03     1.01996e+00     1.02617e-01     3.09080e+04
    2.57775e+03     1.00459e+00     1.00954e-01     3.04420e+04
    2.57785e+03     9.94224e-01     1.01033e-01     3.01280e+04
    2.57795e+03     1.01092e+00     1.03673e-01     3.06340e+04
    2.57805e+03     9.98118e-01     1.01376e-01     3.02460e+04
    2.57815e+03     9.91089e-01     9.87360e-02     3.00330e+04
    2.57825e+03     1.00485e+00     9.85248e-02     3.04500e+04
    2.57835e+03     9.93861e-01     9.95016e-02     3.01170e+04
    2.57845e+03     9.89010e-01     9.89472e-02     2.99700e+04
    2.57855e+03     9.99636e-01     1.01614e-01     3.02920e+04
    2.57865e+03     1.00475e+00     1.00188e-01     3.04470e+04
    2.57875e+03     1.00155e+00     9.74952e-02     3.03500e+04
    2.57885e+03     9.94158e-01     9.82080e-02     3.01260e+04
    2.57895e+03     1.00538e+00     9.98712e-02     3.04660e+04
    2.57905e+03     9.98514e-01     9.96336e-02     3.02580e+04
    2.57915e+03     9.93465e-01     9.99240e-02     3.01050e+04
    2.57925e+03     9.95445e-01     9.76800e-02     3.01650e+04
    2.57935e+03     9.96831e-01     9.72576e-02     3.02070e+04
    2.57945e+03     9.98679e-01     9.83928e-02     3.02630e+04
    2.57955e+03     9.87756e-01     9.95016e-02     2.99320e+04
    2.57965e+03     9.79902e-01     1.00267e-01     2.96940e+04
    2.57975e+03     9.40104e-01     9.55416e-02     2.84880e+04
    2.57985e+03     8.41830e-01     8.54568e-02     2.55100e+04
    2.57995e+03     7.70550e-01     7.63488e-02     2.33500e+04
    2.58005e+03     7.30224e-01     7.22568e-02     2.21280e+04
    2.58015e+03     7.24548e-01     7.24680e-02     2.19560e+04
    2.58025e+03     7.21413e-01     7.21512e-02     2.18610e+04
    2.58035e+03     7.27551e-01     7.01976e-02     2.20470e+04
    2.58045e+03     7.29861e-01     7.24416e-02     2.21170e+04
    2.58055e+03     7.28046e-01     7.40520e-02     2.20620e+04
    2.58065e+03     7.38474e-01     7.38144e-02     2.23780e+04
    2.58075e+03     7.29531e-01     7.18344e-02     2.21070e+04
    2.58085e+03     7.26363e-01     7.23888e-02     2.20110e+04
    2.58095e+03     7.39299e-01     7.18344e-02     2.24030e+04
    2.58105e+03     7.29729e-01     7.17288e-02     2.21130e+04
    2.58115e+03     7.37319e-01     7.16232e-02     2.23430e+04
    2.58125e+03     7.40025e-01     7.18344e-02     2.24250e+04
    2.58135e+03     7.37715e-01     7.13856e-02     2.23550e+04
    2.58145e+03     7.35636e-01     7.14120e-02     2.22920e+04
    2.58155e+03     7.35999e-01     6.86928e-02     2.23030e+04
    2.58165e+03     7.39431e-01     7.26528e-02     2.24070e+04
    2.58175e+03     7.38210e-01     7.19664e-02     2.23700e+04
    2.58185e+03     7.40883e-01     7.32072e-02     2.24510e+04
    2.58195e+03     7.36263e-01     7.15968e-02     2.23110e+04
    2.58205e+03     7.43853e-01     7.32600e-02     2.25410e+04
    2.58215e+03     7.37088e-01     7.08312e-02     2.23360e+04
    2.58225e+03     7.42137e-01     7.38144e-02     2.24890e+04
    2.58235e+03     7.37583e-01     7.23096e-02     2.23510e+04
    2.58245e+03     7.52301e-01     7.19400e-02     2.27970e+04
    2.58255e+03     7.44810e-01     7.52400e-02     2.25700e+04
    2.58265e+03     7.41444e-01     7.20984e-02     2.24680e+04
    2.58275e+03     7.35042e-01     7.44216e-02     2.22740e+04
    2.58285e+03     7.57746e-01     7.40520e-02     2.29620e+04
    2.58295e+03     7.52004e-01     7.22304e-02     2.27880e+04
    2.58305e+03     7.41807e-01     7.16232e-02     2.24790e+04
    2.58315e+03     7.45899e-01     7.33656e-02     2.26030e+04
    2.58325e+03     7.49067e-01     7.32600e-02     2.26990e+04
    2.58335e+03     7.49727e-01     7.32864e-02     2.27190e+04
    2.58345e+03     7.55436e-01     7.33128e-02     2.28920e+04
    2.58355e+03     7.43193e-01     7.34184e-02     2.25210e+04
    2.58365e+03     7.48242e-01     7.36296e-02     2.26740e+04
    2.58375e+03     7.41675e-01     7.28640e-02     2.24750e+04
    2.58385e+03     7.50453e-01     7.33656e-02     2.27410e+04
    2.58395e+03     7.55271e-01     7.19136e-02     2.28870e+04
    2.58405e+03     7.47054e-01     7.42896e-02     2.26380e+04
    2.58415e+03     7.58538e-01     7.12800e-02     2.29860e+04
    2.58425e+03     7.52334e-01     7.38672e-02     2.27980e+04
    2.58435e+03     7.54974e-01     7.29696e-02     2.28780e+04
    2.58445e+03     7.54611e-01     7.28640e-02     2.28670e+04
    2.58455e+03     7.51410e-01     7.19928e-02     2.27700e+04
    2.58465e+03     7.54908e-01     7.20720e-02     2.28760e+04
    2.58475e+03     7.54644e-01     7.38936e-02     2.28680e+04
    2.58485e+03     7.57218e-01     7.22040e-02     2.29460e+04
    2.58495e+03     7.59858e-01     7.20984e-02     2.30260e+04
    2.58505e+03     7.67481e-01     7.25208e-02     2.32570e+04
    2.58515e+03     7.65534e-01     7.30488e-02     2.31980e+04
    2.58525e+03     7.67712e-01     7.36824e-02     2.32640e+04
    2.58535e+03     7.77645e-01     7.24680e-02     2.35650e+04
    2.58545e+03     7.64643e-01     7.19664e-02     2.31710e+04
    2.58555e+03     7.73718e-01     7.04616e-02     2.34460e+04
    2.58565e+03     7.81869e-01     7.34976e-02     2.36930e+04
    2.58575e+03     7.83024e-01     7.60320e-02     2.37280e+04
    2.58585e+03     7.75929e-01     7.39464e-02     2.35130e+04
    2.58595e+03     7.89195e-01     7.15176e-02     2.39150e+04
    2.58605e+03     7.84575e-01     7.36296e-02     2.37750e+04
    2.58615e+03     8.03748e-01     7.19928e-02     2.43560e+04
    2.58625e+03     7.95069e-01     7.22832e-02     2.40930e+04
    2.58635e+03     8.21667e-01     7.42632e-02     2.48990e+04
    2.58645e+03     8.46846e-01     7.58736e-02     2.56620e+04
    2.58655e+03     9.10503e-01     7.80384e-02     2.75910e+04
    2.58665e+03     1.04537e+00     8.85192e-02     3.16780e+04
    2.58675e+03     1.10751e+00     9.60960e-02     3.35610e+04
    2.58685e+03     1.12411e+00     9.77856e-02     3.40640e+04
    2.58695e+03     1.10200e+00     9.98712e-02     3.33940e+04
    2.58705e+03     1.08349e+00     1.00452e-01     3.28330e+04
    2.58715e+03     1.08197e+00     9.93960e-02     3.27870e+04
    2.58725e+03     1.07039e+00     9.91056e-02     3.24360e+04
    2.58735e+03     1.07339e+00     1.01508e-01     3.25270e+04
    2.58745e+03     1.06313e+00     9.79968e-02     3.22160e+04
    2.58755e+03     1.04957e+00     9.86568e-02     3.18050e+04
    2.58765e+03     1.06022e+00     1.00874e-01     3.21280e+04
    2.58775e+03     1.05544e+00     9.91848e-02     3.19830e+04
    2.58785e+03     1.04719e+00     1.02353e-01     3.17330e+04
    2.58795e+03     1.04336e+00     1.00162e-01     3.16170e+04
    2.58805e+03     1.03670e+00     9.86568e-02     3.14150e+04
    2.58815e+03     1.04792e+00     1.01270e-01     3.17550e+04
    2.58825e+03     1.03993e+00     9.99768e-02     3.15130e+04
    2.58835e+03     1.03148e+00     1.00901e-01     3.12570e+04
    2.58845e+03     1.03343e+00     9.88152e-02     3.13160e+04
    2.58855e+03     1.02138e+00     9.76272e-02     3.09510e+04
    2.58865e+03     1.02039e+00     9.68616e-02     3.09210e+04
    2.58875e+03     1.02877e+00     9.83664e-02     3.11750e+04
    2.58885e+03     1.03769e+00     9.99504e-02     3.14450e+04
    2.58895e+03     1.02835e+00     1.03646e-01     3.11620e+04
    2.58905e+03     1.01759e+00     9.83400e-02     3.08360e+04
    2.58915e+03     1.02326e+00     9.87888e-02     3.10080e+04
    2.58925e+03     1.03066e+00     1.03884e-01     3.12320e+04
    2.58935e+03     1.02178e+00     9.97656e-02     3.09630e+04
    2.58945e+03     1.01904e+00     9.77856e-02     3.08800e+04
    2.58955e+03     1.02095e+00     9.90792e-02     3.09380e+04
    2.58965e+03     1.02336e+00     9.84456e-02     3.10110e+04
    2.58975e+03     1.01660e+00     9.54888e-02     3.08060e+04
    2.58985e+03     1.01723e+00     1.04676e-01     3.08250e+04
    2.58995e+03     1.00630e+00     1.01429e-01     3.04940e+04
    2.59005e+03     1.01858e+00     1.00188e-01     3.08660e+04
    2.59015e+03     1.01525e+00     9.80760e-02     3.07650e+04
    2.59025e+03     1.02082e+00     9.73632e-02     3.09340e+04
    2.59035e+03     1.02452e+00     1.01878e-01     3.10460e+04
    2.59045e+03     1.02072e+00     9.95280e-02     3.09310e+04
    2.59055e+03     1.01746e+00     9.82872e-02     3.08320e+04
    2.59065e+03     1.01719e+00     9.94224e-02     3.08240e+04
    2.59075e+03     1.01689e+00     1.00558e-01     3.08150e+04
    2.59085e+03     1.02132e+00     1.03409e-01     3.09490e+04
    2.59095e+03     1.01719e+00     9.95544e-02     3.08240e+04
    2.59105e+03     1.01208e+00     1.00505e-01     3.06690e+04
    2.59115e+03     1.01888e+00     1.03699e-01     3.08750e+04
    2.59125e+03     1.00868e+00     9.88152e-02     3.05660e+04
    2.59135e+03     1.00142e+00     9.85512e-02     3.03460e+04
    2.59145e+03     1.00997e+00     9.96864e-02     3.06050e+04
    2.59155e+03     1.01195e+00     1.03646e-01     3.06650e+04
    2.59165e+03     1.00657e+00     9.70728e-02     3.05020e+04
    2.59175e+03     1.01168e+00     1.00162e-01     3.06570e+04
    2.59185e+03     1.00617e+00     9.84192e-02     3.04900e+04
    2.59195e+03     1.00594e+00     9.90792e-02     3.04830e+04
    2.59205e+03     1.00927e+00     9.93696e-02     3.05840e+04
    2.59215e+03     1.00396e+00     1.01614e-01     3.04230e+04
    2.59225e+03     9.96600e-01     9.85248e-02     3.02000e+04
    2.59235e+03     9.99141e-01     9.77856e-02     3.02770e+04
    2.59245e+03     1.00172e+00     9.91320e-02     3.03550e+04
    2.59255e+03     9.95049e-01     9.76536e-02     3.01530e+04
    2.59265e+03     9.98349e-01     9.87360e-02     3.02530e+04
    2.59275e+03     9.94554e-01     9.82872e-02     3.01380e+04
    2.59285e+03     1.00482e+00     9.93432e-02     3.04490e+04
    2.59295e+03     1.00056e+00     9.95016e-02     3.03200e+04
    2.59305e+03     9.90627e-01     1.03541e-01     3.00190e+04
    2.59315e+03     9.24957e-01     9.14496e-02     2.80290e+04
    2.59325e+03     7.59264e-01     7.62432e-02     2.30080e+04
    2.59335e+03     5.31993e-01     5.02920e-02     1.61210e+04
    2.59345e+03     3.94845e-01     3.79368e-02     1.19650e+04
    2.59355e+03     3.54981e-01     3.43464e-02     1.07570e+04
    2.59365e+03     3.51285e-01     3.14160e-02     1.06450e+04
    2.59375e+03     3.59502e-01     3.43200e-02     1.08940e+04
    2.59385e+03     3.56862e-01     3.20760e-02     1.08140e+04
    2.59395e+03     3.64089e-01     3.31320e-02     1.10330e+04
    2.59405e+03     3.82833e-01     3.41088e-02     1.16010e+04
    2.59415e+03     3.84450e-01     3.42144e-02     1.16500e+04
    2.59425e+03     3.83394e-01     3.25248e-02     1.16180e+04
    2.59435e+03     3.90159e-01     3.22608e-02     1.18230e+04
    2.59445e+03     3.95967e-01     3.40560e-02     1.19990e+04
    2.59455e+03     4.12929e-01     3.47688e-02     1.25130e+04
    2.59465e+03     4.11675e-01     3.29472e-02     1.24750e+04
    2.59475e+03     4.13424e-01     3.26832e-02     1.25280e+04
    2.59485e+03     4.24248e-01     3.38184e-02     1.28560e+04
    2.59495e+03     4.19496e-01     3.18648e-02     1.27120e+04
    2.59505e+03     4.27119e-01     3.33168e-02     1.29430e+04
    2.59515e+03     4.25733e-01     3.36336e-02     1.29010e+04
    2.59525e+03     4.37712e-01     3.39240e-02     1.32640e+04
    2.59535e+03     4.36326e-01     3.07560e-02     1.32220e+04
    2.59545e+03     4.42728e-01     3.28944e-02     1.34160e+04
    2.59555e+03     4.44312e-01     3.33432e-02     1.34640e+04
    2.59565e+03     4.52958e-01     3.26832e-02     1.37260e+04
    2.59575e+03     4.48338e-01     3.43992e-02     1.35860e+04
    2.59585e+03     4.54476e-01     3.24720e-02     1.37720e+04
    2.59595e+03     4.48965e-01     3.29472e-02     1.36050e+04
    2.59605e+03     4.63419e-01     3.41088e-02     1.40430e+04
    2.59615e+03     4.59459e-01     3.35016e-02     1.39230e+04
    2.59625e+03     4.60845e-01     3.35808e-02     1.39650e+04
    2.59635e+03     4.54707e-01     3.38976e-02     1.37790e+04
    2.59645e+03     4.57347e-01     3.16536e-02     1.38590e+04
    2.59655e+03     4.64970e-01     3.22080e-02     1.40900e+04
    2.59665e+03     4.68369e-01     3.36072e-02     1.41930e+04
    2.59675e+03     4.65399e-01     3.19968e-02     1.41030e+04
    2.59685e+03     4.66356e-01     3.35280e-02     1.41320e+04
    2.59695e+03     4.66521e-01     3.27624e-02     1.41370e+04
    2.59705e+03     4.65993e-01     3.39504e-02     1.41210e+04
    2.59715e+03     4.69062e-01     3.34488e-02     1.42140e+04
    2.59725e+03     4.70151e-01     3.38712e-02     1.42470e+04
    2.59735e+03     4.76784e-01     3.23400e-02     1.44480e+04
    2.59745e+03     4.73517e-01     3.26040e-02     1.43490e+04
    2.59755e+03     4.68930e-01     3.29208e-02     1.42100e+04
    2.59765e+03     4.69062e-01     3.36336e-02     1.42140e+04
    2.59775e+03     4.79688e-01     3.26832e-02     1.45360e+04
    2.59785e+03     4.78005e-01     3.32640e-02     1.44850e+04
    2.59795e+03     4.74837e-01     3.33960e-02     1.43890e+04
    2.59805e+03     4.84605e-01     3.67224e-02     1.46850e+04
    2.59815e+03     4.83879e-01     3.32640e-02     1.46630e+04
    2.59825e+03     4.82790e-01     3.25512e-02     1.46300e+04
    2.59835e+03     4.96419e-01     3.26040e-02     1.50430e+04
    2.59845e+03     5.03679e-01     3.39504e-02     1.52630e+04
    2.59855e+03     5.00379e-01     3.43464e-02     1.51630e+04
    2.59865e+03     5.14866e-01     3.43464e-02     1.56020e+04
    2.59875e+03     5.22060e-01     3.40032e-02     1.58200e+04
    2.59885e+03     5.28429e-01     3.35544e-02     1.60130e+04
    2.59895e+03     5.39484e-01     3.49008e-02     1.63480e+04
    2.59905e+03     5.56215e-01     3.41088e-02     1.68550e+04
    2.59915e+03     5.59845e-01     3.43464e-02     1.69650e+04
    2.59925e+03     5.74827e-01     3.44520e-02     1.74190e+04
    2.59935e+03     5.94693e-01     3.33168e-02     1.80210e+04
    2.59945e+03     6.17694e-01     3.44256e-02     1.87180e+04
    2.59955e+03     6.42081e-01     3.26832e-02     1.94570e+04
    2.59965e+03     6.62541e-01     3.37656e-02     2.00770e+04
    2.59975e+03     7.28475e-01     3.40032e-02     2.20750e+04
    2.59985e+03     7.87248e-01     3.40560e-02     2.38560e+04
    2.59995e+03     9.37662e-01     3.51912e-02     2.84140e+04
    2.60005e+03     1.29789e+00     4.02600e-02     3.93300e+04
    2.60015e+03     1.93826e+00     5.64960e-02     5.87350e+04
    2.60025e+03     2.34000e+00     8.08632e-02     7.09090e+04
    2.60035e+03     2.25037e+00     9.35616e-02     6.81930e+04
    2.60045e+03     2.01066e+00     9.95544e-02     6.09290e+04
    2.60055e+03     1.85246e+00     9.90000e-02     5.61350e+04
    2.60065e+03     1.72181e+00     9.70992e-02     5.21760e+04
    2.60075e+03     1.63347e+00     9.91848e-02     4.94990e+04
    2.60085e+03     1.56717e+00     1.00346e-01     4.74900e+04
    2.60095e+03     1.50853e+00     9.85248e-02     4.57130e+04
    2.60105e+03     1.46490e+00     9.79968e-02     4.43910e+04
    2.60115e+03     1.43540e+00     1.02854e-01     4.34970e+04
    2.60125e+03     1.38534e+00     1.00663e-01     4.19800e+04
    2.60135e+03     1.35686e+00     1.00267e-01     4.11170e+04
    2.60145e+03     1.32604e+00     9.82608e-02     4.01830e+04
    2.60155e+03     1.31528e+00     1.02458e-01     3.98570e+04
    2.60165e+03     1.28905e+00     9.83400e-02     3.90620e+04
    2.60175e+03     1.27063e+00     1.01983e-01     3.85040e+04
    2.60185e+03     1.25707e+00     1.01719e-01     3.80930e+04
    2.60195e+03     1.24634e+00     9.96864e-02     3.77680e+04
    2.60205e+03     1.23130e+00     9.82080e-02     3.73120e+04
    2.60215e+03     1.23017e+00     9.97392e-02     3.72780e+04
    2.60225e+03     1.20806e+00     1.01508e-01     3.66080e+04
    2.60235e+03     1.21183e+00     1.03250e-01     3.67220e+04
    2.60245e+03     1.20117e+00     1.00584e-01     3.63990e+04
    2.60255e+03     1.19140e+00     9.96600e-02     3.61030e+04
    2.60265e+03     1.19011e+00     1.01218e-01     3.60640e+04
    2.60275e+03     1.18209e+00     9.83928e-02     3.58210e+04
    2.60285e+03     1.16998e+00     9.89472e-02     3.54540e+04
    2.60295e+03     1.17381e+00     1.01402e-01     3.55700e+04
    2.60305e+03     1.17292e+00     1.01270e-01     3.55430e+04
    2.60315e+03     1.15602e+00     9.91056e-02     3.50310e+04
    2.60325e+03     1.16605e+00     1.02168e-01     3.53350e+04
    2.60335e+03     1.16870e+00     1.01614e-01     3.54150e+04
    2.60345e+03     1.16332e+00     1.00452e-01     3.52520e+04
    2.60355e+03     1.15246e+00     9.79968e-02     3.49230e+04
    2.60365e+03     1.15665e+00     1.02300e-01     3.50500e+04
    2.60375e+03     1.14794e+00     1.00610e-01     3.47860e+04
    2.60385e+03     1.15464e+00     1.00399e-01     3.49890e+04
    2.60395e+03     1.15111e+00     1.01191e-01     3.48820e+04
    2.60405e+03     1.14365e+00     1.00056e-01     3.46560e+04
    2.60415e+03     1.13593e+00     9.88152e-02     3.44220e+04
    2.60425e+03     1.15622e+00     9.97656e-02     3.50370e+04
    2.60435e+03     1.14870e+00     9.84192e-02     3.48090e+04
    2.60445e+03     1.14497e+00     9.88944e-02     3.46960e+04
    2.60455e+03     1.14896e+00     1.00980e-01     3.48170e+04
    2.60465e+03     1.13259e+00     1.00716e-01     3.43210e+04
    2.60475e+03     1.12131e+00     9.98184e-02     3.39790e+04
    2.60485e+03     1.12622e+00     9.84984e-02     3.41280e+04
    2.60495e+03     1.11768e+00     9.95808e-02     3.38690e+04
    2.60505e+03     1.11448e+00     9.81552e-02     3.37720e+04
    2.60515e+03     1.11662e+00     1.00267e-01     3.38370e+04
    2.60525e+03     1.10920e+00     1.00901e-01     3.36120e+04
    2.60535e+03     1.10035e+00     9.90528e-02     3.33440e+04
    2.60545e+03     1.10976e+00     9.92640e-02     3.36290e+04
    2.60555e+03     1.09276e+00     1.00584e-01     3.31140e+04
    2.60565e+03     1.08250e+00     9.91584e-02     3.28030e+04
    2.60575e+03     1.08197e+00     1.02432e-01     3.27870e+04
    2.60585e+03     1.06966e+00     9.69672e-02     3.24140e+04
    2.60595e+03     1.07065e+00     9.88944e-02     3.24440e+04
    2.60605e+03     1.07814e+00     1.00162e-01     3.26710e+04
    2.60615e+03     1.06300e+00     1.01218e-01     3.22120e+04
    2.60625e+03     1.06461e+00     9.98976e-02     3.22610e+04
    2.60635e+03     1.05485e+00     1.02036e-01     3.19650e+04
    2.60645e+03     1.04379e+00     1.00927e-01     3.16300e+04
    2.60655e+03     1.04267e+00     9.88416e-02     3.15960e+04
    2.60665e+03     1.03660e+00     1.02379e-01     3.14120e+04
    2.60675e+03     1.03217e+00     1.02907e-01     3.12780e+04
    2.60685e+03     1.02254e+00     1.00346e-01     3.09860e+04
    2.60695e+03     1.02920e+00     1.00769e-01     3.11880e+04
    2.60705e+03     1.01828e+00     1.00003e-01     3.08570e+04
    2.60715e+03     1.01604e+00     9.78384e-02     3.07890e+04
    2.60725e+03     1.02600e+00     1.01904e-01     3.10910e+04
    2.60735e+03     1.02475e+00     9.78648e-02     3.10530e+04
    2.60745e+03     1.01597e+00     1.00082e-01     3.07870e+04
    2.60755e+03     1.02709e+00     1.01614e-01     3.11240e+04
    2.60765e+03     1.02927e+00     1.00954e-01     3.11900e+04
    2.60775e+03     1.02505e+00     9.78912e-02     3.10620e+04
    2.60785e+03     1.03247e+00     9.95016e-02     3.12870e+04
    2.60795e+03     1.03023e+00     9.96600e-02     3.12190e+04
    2.60805e+03     1.03580e+00     9.80496e-02     3.13880e+04
    2.60815e+03     1.02940e+00     9.85248e-02     3.11940e+04
    2.60825e+03     1.02079e+00     1.00162e-01     3.09330e+04
    2.60835e+03     1.02475e+00     9.74424e-02     3.10530e+04
    2.60845e+03     1.03465e+00     9.89472e-02     3.13530e+04
    2.60855e+03     1.03679e+00     9.81816e-02     3.14180e+04
    2.60865e+03     1.03547e+00     9.96600e-02     3.13780e+04
    2.60875e+03     1.04042e+00     9.95544e-02     3.15280e+04
    2.60885e+03     1.02967e+00     9.87096e-02     3.12020e+04
    2.60895e+03     1.05564e+00     9.99504e-02     3.19890e+04
    2.60905e+03     1.04425e+00     9.76272e-02     3.16440e+04
    2.60915e+03     1.04191e+00     9.79440e-02     3.15730e+04
    2.60925e+03     1.04488e+00     9.74424e-02     3.16630e+04
    2.60935e+03     1.04762e+00     9.85512e-02     3.17460e+04
    2.60945e+03     1.06013e+00     1.03594e-01     3.21250e+04
    2.60955e+03     1.06336e+00     1.01798e-01     3.22230e+04
    2.60965e+03     1.06108e+00     9.89472e-02     3.21540e+04
    2.60975e+03     1.05808e+00     9.83928e-02     3.20630e+04
    2.60985e+03     1.06880e+00     1.01878e-01     3.23880e+04
    2.60995e+03     1.06814e+00     9.90000e-02     3.23680e+04
    2.61005e+03     1.06557e+00     1.00505e-01     3.22900e+04
    2.61015e+03     1.08382e+00     1.00214e-01     3.28430e+04
    2.61025e+03     1.07811e+00     9.93432e-02     3.26700e+04
    2.61035e+03     1.08590e+00     9.74688e-02     3.29060e+04
    2.61045e+03     1.08431e+00     1.01693e-01     3.28580e+04
    2.61055e+03     1.09524e+00     9.86832e-02     3.31890e+04
    2.61065e+03     1.08455e+00     1.02089e-01     3.28650e+04
    2.61075e+03     1.10494e+00     1.00742e-01     3.34830e+04
    2.61085e+03     1.09553e+00     9.57000e-02     3.31980e+04
    2.61095e+03     1.10058e+00     1.01561e-01     3.33510e+04
    2.61105e+03     1.09963e+00     9.90792e-02     3.33220e+04
    2.61115e+03     1.10718e+00     1.00399e-01     3.35510e+04
    2.61125e+03     1.11306e+00     1.01059e-01     3.37290e+04
    2.61135e+03     1.11009e+00     9.96864e-02     3.36390e+04
    2.61145e+03     1.11735e+00     9.80232e-02     3.38590e+04
    2.61155e+03     1.13461e+00     1.00267e-01     3.43820e+04
    2.61165e+03     1.13513e+00     9.94488e-02     3.43980e+04
    2.61175e+03     1.14635e+00     9.83136e-02     3.47380e+04
    2.61185e+03     1.14807e+00     1.00822e-01     3.47900e+04
    2.61195e+03     1.17289e+00     9.83928e-02     3.55420e+04
    2.61205e+03     1.17186e+00     1.00584e-01     3.55110e+04
    2.61215e+03     1.18368e+00     9.97920e-02     3.58690e+04
    2.61225e+03     1.20899e+00     9.91584e-02     3.66360e+04
    2.61235e+03     1.21602e+00     9.64128e-02     3.68490e+04
    2.61245e+03     1.25403e+00     1.00003e-01     3.80010e+04
    2.61255e+03     1.31568e+00     9.98448e-02     3.98690e+04
    2.61265e+03     1.34907e+00     1.00135e-01     4.08810e+04
    2.61275e+03     1.31515e+00     1.01006e-01     3.98530e+04
    2.61285e+03     1.26050e+00     1.00478e-01     3.81970e+04
    2.61295e+03     1.22770e+00     9.99504e-02     3.72030e+04
    2.61305e+03     1.20183e+00     9.91056e-02     3.64190e+04
    2.61315e+03     1.18698e+00     9.71256e-02     3.59690e+04
    2.61325e+03     1.17094e+00     9.94752e-02     3.54830e+04
    2.61335e+03     1.15553e+00     9.65712e-02     3.50160e+04
    2.61345e+03     1.13754e+00     1.01218e-01     3.44710e+04
    2.61355e+03     1.15741e+00     1.00637e-01     3.50730e+04
    2.61365e+03     1.13447e+00     9.78648e-02     3.43780e+04
    2.61375e+03     1.14170e+00     1.01006e-01     3.45970e+04
    2.61385e+03     1.12339e+00     9.95544e-02     3.40420e+04
    2.61395e+03     1.10930e+00     1.00320e-01     3.36150e+04
    2.61405e+03     1.11613e+00     1.00162e-01     3.38220e+04
    2.61415e+03     1.11586e+00     1.01772e-01     3.38140e+04
    2.61425e+03     1.09745e+00     1.01270e-01     3.32560e+04
    2.61435e+03     1.09138e+00     9.99768e-02     3.30720e+04
    2.61445e+03     1.08959e+00     1.00320e-01     3.30180e+04
    2.61455e+03     1.09359e+00     9.86040e-02     3.31390e+04
    2.61465e+03     1.09299e+00     1.03092e-01     3.31210e+04
    2.61475e+03     1.07478e+00     1.02326e-01     3.25690e+04
    2.61485e+03     1.08530e+00     1.00505e-01     3.28880e+04
    2.61495e+03     1.07065e+00     1.00716e-01     3.24440e+04
    2.61505e+03     1.07408e+00     1.00848e-01     3.25480e+04
    2.61515e+03     1.07560e+00     1.01614e-01     3.25940e+04
    2.61525e+03     1.06026e+00     1.00901e-01     3.21290e+04
    2.61535e+03     1.06541e+00     9.98976e-02     3.22850e+04
    2.61545e+03     1.05435e+00     1.01059e-01     3.19500e+04
    2.61555e+03     1.06148e+00     9.71784e-02     3.21660e+04
    2.61565e+03     1.05590e+00     9.88152e-02     3.19970e+04
    2.61575e+03     1.05557e+00     1.00214e-01     3.19870e+04
    2.61585e+03     1.05557e+00     9.78912e-02     3.19870e+04
    2.61595e+03     1.04330e+00     9.84984e-02     3.16150e+04
    2.61605e+03     1.05580e+00     1.00558e-01     3.19940e+04
    2.61615e+03     1.04666e+00     1.02564e-01     3.17170e+04
    2.61625e+03     1.05039e+00     1.01719e-01     3.18300e+04
    2.61635e+03     1.04247e+00     9.99768e-02     3.15900e+04
    2.61645e+03     1.03993e+00     9.65976e-02     3.15130e+04
    2.61655e+03     1.04531e+00     1.02564e-01     3.16760e+04
    2.61665e+03     1.03802e+00     9.90528e-02     3.14550e+04
    2.61675e+03     1.03145e+00     9.91056e-02     3.12560e+04
    2.61685e+03     1.03300e+00     1.00294e-01     3.13030e+04
    2.61695e+03     1.03897e+00     1.00901e-01     3.14840e+04
    2.61705e+03     1.02237e+00     9.81024e-02     3.09810e+04
    2.61715e+03     1.02963e+00     1.01455e-01     3.12010e+04
    2.61725e+03     1.02897e+00     9.78648e-02     3.11810e+04
    2.61735e+03     1.03366e+00     1.01138e-01     3.13230e+04
    2.61745e+03     1.02317e+00     9.83400e-02     3.10050e+04
    2.61755e+03     1.02656e+00     1.01165e-01     3.11080e+04
    2.61765e+03     1.01881e+00     1.00426e-01     3.08730e+04
    2.61775e+03     1.02076e+00     9.96600e-02     3.09320e+04
    2.61785e+03     1.02792e+00     9.92640e-02     3.11490e+04
    2.61795e+03     1.02264e+00     1.02802e-01     3.09890e+04
    2.61805e+03     1.02016e+00     1.01825e-01     3.09140e+04
    2.61815e+03     1.02158e+00     1.01191e-01     3.09570e+04
    2.61825e+03     1.01247e+00     1.00135e-01     3.06810e+04
    2.61835e+03     1.01462e+00     1.02775e-01     3.07460e+04
    2.61845e+03     1.02036e+00     1.01693e-01     3.09200e+04
    2.61855e+03     1.01188e+00     9.74952e-02     3.06630e+04
    2.61865e+03     1.01432e+00     9.91848e-02     3.07370e+04
    2.61875e+03     1.01300e+00     1.02115e-01     3.06970e+04
    2.61885e+03     1.01000e+00     1.00637e-01     3.06060e+04
    2.61895e+03     1.00007e+00     1.00135e-01     3.03050e+04
    2.61905e+03     9.98613e-01     1.00188e-01     3.02610e+04
    2.61915e+03     9.99240e-01     9.93960e-02     3.02800e+04
    2.61925e+03     9.95742e-01     9.82872e-02     3.01740e+04
    2.61935e+03     9.84060e-01     9.77592e-02     2.98200e+04
    2.61945e+03     9.96831e-01     9.84192e-02     3.02070e+04
    2.61955e+03     1.00452e+00     9.89208e-02     3.04400e+04
    2.61965e+03     9.93069e-01     9.76800e-02     3.00930e+04
    2.61975e+03     1.00465e+00     9.79176e-02     3.04440e+04
    2.61985e+03     1.00043e+00     9.78648e-02     3.03160e+04
    2.61995e+03     1.00614e+00     1.01191e-01     3.04890e+04
    2.62005e+03     9.99438e-01     9.53040e-02     3.02860e+04
    2.62015e+03     1.01617e+00     1.02749e-01     3.07930e+04
    2.62025e+03     1.01409e+00     9.91056e-02     3.07300e+04
    2.62035e+03     1.01940e+00     9.97128e-02     3.08910e+04
    2.62045e+03     1.02287e+00     9.73632e-02     3.09960e+04
    2.62055e+03     1.01584e+00     9.87888e-02     3.07830e+04
    2.62065e+03     1.01980e+00     1.00822e-01     3.09030e+04
    2.62075e+03     1.03300e+00     9.94752e-02     3.13030e+04
    2.62085e+03     1.03092e+00     9.83664e-02     3.12400e+04
    2.62095e+03     1.02396e+00     1.02960e-01     3.10290e+04
    2.62105e+03     1.03204e+00     9.88680e-02     3.12740e+04
    2.62115e+03     1.03300e+00     1.00690e-01     3.13030e+04
    2.62125e+03     1.03452e+00     1.00795e-01     3.13490e+04
    2.62135e+03     1.04240e+00     9.94752e-02     3.15880e+04
    2.62145e+03     1.05158e+00     1.00267e-01     3.18660e+04
    2.62155e+03     1.04075e+00     1.00848e-01     3.15380e+04
    2.62165e+03     1.05432e+00     1.02089e-01     3.19490e+04
    2.62175e+03     1.04768e+00     9.83664e-02     3.17480e+04
    2.62185e+03     1.05640e+00     9.87096e-02     3.20120e+04
    2.62195e+03     1.04537e+00     9.89736e-02     3.16780e+04
    2.62205e+03     1.05042e+00     9.80232e-02     3.18310e+04
    2.62215e+03     1.05923e+00     9.85512e-02     3.20980e+04
    2.62225e+03     1.06006e+00     1.00346e-01     3.21230e+04
    2.62235e+03     1.06006e+00     1.00795e-01     3.21230e+04
    2.62245e+03     1.05818e+00     9.63336e-02     3.20660e+04
    2.62255e+03     1.06607e+00     9.91320e-02     3.23050e+04
    2.62265e+03     1.07128e+00     1.00346e-01     3.24630e+04
    2.62275e+03     1.07715e+00     1.00478e-01     3.26410e+04
    2.62285e+03     1.07356e+00     1.00294e-01     3.25320e+04
    2.62295e+03     1.08438e+00     9.70200e-02     3.28600e+04
    2.62305e+03     1.09553e+00     1.01402e-01     3.31980e+04
    2.62315e+03     1.09586e+00     1.01904e-01     3.32080e+04
    2.62325e+03     1.09378e+00     9.96336e-02     3.31450e+04
    2.62335e+03     1.11220e+00     1.03039e-01     3.37030e+04
    2.62345e+03     1.10293e+00     1.00267e-01     3.34220e+04
    2.62355e+03     1.11365e+00     1.03039e-01     3.37470e+04
    2.62365e+03     1.11547e+00     1.00584e-01     3.38020e+04
    2.62375e+03     1.11827e+00     1.02485e-01     3.38870e+04
    2.62385e+03     1.12104e+00     1.01561e-01     3.39710e+04
    2.62395e+03     1.11652e+00     1.01376e-01     3.38340e+04
    2.62405e+03     1.12200e+00     9.85512e-02     3.40000e+04
    2.62415e+03     1.12375e+00     1.01640e-01     3.40530e+04
    2.62425e+03     1.13404e+00     9.88944e-02     3.43650e+04
    2.62435e+03     1.14408e+00     9.92112e-02     3.46690e+04
    2.62445e+03     1.15200e+00     1.01693e-01     3.49090e+04
    2.62455e+03     1.15385e+00     1.02696e-01     3.49650e+04
    2.62465e+03     1.15757e+00     9.92112e-02     3.50780e+04
    2.62475e+03     1.16262e+00     1.01983e-01     3.52310e+04
    2.62485e+03     1.18635e+00     1.01270e-01     3.59500e+04
    2.62495e+03     1.19929e+00     1.01191e-01     3.63420e+04
    2.62505e+03     1.19447e+00     1.00162e-01     3.61960e+04
    2.62515e+03     1.20625e+00     1.00003e-01     3.65530e+04
    2.62525e+03     1.21806e+00     9.79440e-02     3.69110e+04
    2.62535e+03     1.23710e+00     1.02960e-01     3.74880e+04
    2.62545e+03     1.24007e+00     9.78912e-02     3.75780e+04
    2.62555e+03     1.26473e+00     9.92904e-02     3.83250e+04
    2.62565e+03     1.29350e+00     9.98184e-02     3.91970e+04
    2.62575e+03     1.29479e+00     1.00874e-01     3.92360e+04
    2.62585e+03     1.33422e+00     1.02907e-01     4.04310e+04
    2.62595e+03     1.34633e+00     9.95016e-02     4.07980e+04
    2.62605e+03     1.38531e+00     1.00505e-01     4.19790e+04
    2.62615e+03     1.43458e+00     1.00056e-01     4.34720e+04
    2.62625e+03     1.50193e+00     1.00030e-01     4.55130e+04
    2.62635e+03     1.62720e+00     1.00980e-01     4.93090e+04
    2.62645e+03     1.70950e+00     9.72312e-02     5.18030e+04
    2.62655e+03     1.61403e+00     9.69936e-02     4.89100e+04
    2.62665e+03     1.49091e+00     9.84720e-02     4.51790e+04
    2.62675e+03     1.43151e+00     9.79440e-02     4.33790e+04
    2.62685e+03     1.37006e+00     1.00584e-01     4.15170e+04
    2.62695e+03     1.35419e+00     1.01455e-01     4.10360e+04
    2.62705e+03     1.32812e+00     1.00822e-01     4.02460e+04
    2.62715e+03     1.29954e+00     9.96600e-02     3.93800e+04
    2.62725e+03     1.28928e+00     1.00320e-01     3.90690e+04
    2.62735e+03     1.27472e+00     1.02670e-01     3.86280e+04
    2.62745e+03     1.26242e+00     9.96864e-02     3.82550e+04
    2.62755e+03     1.24407e+00     1.01666e-01     3.76990e+04
    2.62765e+03     1.23674e+00     1.00769e-01     3.74770e+04
    2.62775e+03     1.21516e+00     1.00610e-01     3.68230e+04
    2.62785e+03     1.21810e+00     9.85512e-02     3.69120e+04
    2.62795e+03     1.21008e+00     9.98712e-02     3.66690e+04
    2.62805e+03     1.20047e+00     1.03330e-01     3.63780e+04
    2.62815e+03     1.19110e+00     1.01112e-01     3.60940e+04
    2.62825e+03     1.19123e+00     9.91848e-02     3.60980e+04
    2.62835e+03     1.17150e+00     1.02036e-01     3.55000e+04
    2.62845e+03     1.17252e+00     9.98976e-02     3.55310e+04
    2.62855e+03     1.16807e+00     1.00848e-01     3.53960e+04
    2.62865e+03     1.16074e+00     1.01561e-01     3.51740e+04
    2.62875e+03     1.15708e+00     1.02062e-01     3.50630e+04
    2.62885e+03     1.15883e+00     9.91056e-02     3.51160e+04
    2.62895e+03     1.14319e+00     9.88152e-02     3.46420e+04
    2.62905e+03     1.16236e+00     1.01323e-01     3.52230e+04
    2.62915e+03     1.14847e+00     1.00980e-01     3.48020e+04
    2.62925e+03     1.14167e+00     9.91320e-02     3.45960e+04
    2.62935e+03     1.14081e+00     1.00980e-01     3.45700e+04
    2.62945e+03     1.13827e+00     1.00954e-01     3.44930e+04
    2.62955e+03     1.12817e+00     9.81816e-02     3.41870e+04
    2.62965e+03     1.11458e+00     9.78648e-02     3.37750e+04
    2.62975e+03     1.13213e+00     1.02960e-01     3.43070e+04
    2.62985e+03     1.12847e+00     9.76536e-02     3.41960e+04
    2.62995e+03     1.12283e+00     9.99504e-02     3.40250e+04
    2.63005e+03     1.13160e+00     9.68088e-02     3.42910e+04
    2.63015e+03     1.11791e+00     9.70200e-02     3.38760e+04
    2.63025e+03     1.13071e+00     1.02907e-01     3.42640e+04
    2.63035e+03     1.11649e+00     9.91584e-02     3.38330e+04
    2.63045e+03     1.12395e+00     1.01455e-01     3.40590e+04
    2.63055e+03     1.11484e+00     1.00135e-01     3.37830e+04
    2.63065e+03     1.11055e+00     9.93168e-02     3.36530e+04
    2.63075e+03     1.10745e+00     1.00452e-01     3.35590e+04
    2.63085e+03     1.11527e+00     1.01508e-01     3.37960e+04
    2.63095e+03     1.10873e+00     9.92904e-02     3.35980e+04
    2.63105e+03     1.11870e+00     1.00162e-01     3.39000e+04
    2.63115e+03     1.09817e+00     9.99504e-02     3.32780e+04
    2.63125e+03     1.11160e+00     9.88416e-02     3.36850e+04
    2.63135e+03     1.11837e+00     9.96864e-02     3.38900e+04
    2.63145e+03     1.11768e+00     1.00637e-01     3.38690e+04
    2.63155e+03     1.12157e+00     9.89736e-02     3.39870e+04
    2.63165e+03     1.13223e+00     9.78120e-02     3.43100e+04
    2.63175e+03     1.13444e+00     1.02089e-01     3.43770e+04
    2.63185e+03     1.15097e+00     9.97392e-02     3.48780e+04
    2.63195e+03     1.16992e+00     9.70992e-02     3.54520e+04
    2.63205e+03     1.19420e+00     9.85776e-02     3.61880e+04
    2.63215e+03     1.19011e+00     9.81816e-02     3.60640e+04
    2.63225e+03     1.16949e+00     9.84456e-02     3.54390e+04
    2.63235e+03     1.14626e+00     1.03092e-01     3.47350e+04
    2.63245e+03     1.13167e+00     1.02986e-01     3.42930e+04
    2.63255e+03     1.12299e+00     1.02115e-01     3.40300e+04
    2.63265e+03     1.10623e+00     1.00954e-01     3.35220e+04
    2.63275e+03     1.10207e+00     9.92640e-02     3.33960e+04
    2.63285e+03     1.08867e+00     1.01983e-01     3.29900e+04
    2.63295e+03     1.08580e+00     1.01270e-01     3.29030e+04
    2.63305e+03     1.08319e+00     9.93960e-02     3.28240e+04
    2.63315e+03     1.07105e+00     1.00505e-01     3.24560e+04
    2.63325e+03     1.07382e+00     1.00267e-01     3.25400e+04
    2.63335e+03     1.05049e+00     9.84984e-02     3.18330e+04
    2.63345e+03     1.05518e+00     9.94752e-02     3.19750e+04
    2.63355e+03     1.05425e+00     1.00558e-01     3.19470e+04
    2.63365e+03     1.05716e+00     1.02722e-01     3.20350e+04
    2.63375e+03     1.04613e+00     9.79704e-02     3.17010e+04
    2.63385e+03     1.04135e+00     9.91320e-02     3.15560e+04
    2.63395e+03     1.05613e+00     1.01508e-01     3.20040e+04
    2.63405e+03     1.03646e+00     9.77592e-02     3.14080e+04
    2.63415e+03     1.04392e+00     9.89208e-02     3.16340e+04
    2.63425e+03     1.05118e+00     9.97656e-02     3.18540e+04
    2.63435e+03     1.04194e+00     1.00584e-01     3.15740e+04
    2.63445e+03     1.04544e+00     1.00610e-01     3.16800e+04
    2.63455e+03     1.03300e+00     9.97392e-02     3.13030e+04
    2.63465e+03     1.04283e+00     1.01930e-01     3.16010e+04
    2.63475e+03     1.03570e+00     9.88416e-02     3.13850e+04
    2.63485e+03     1.03181e+00     9.92904e-02     3.12670e+04
    2.63495e+03     1.02366e+00     9.90792e-02     3.10200e+04
    2.63505e+03     1.03175e+00     9.94488e-02     3.12650e+04
    2.63515e+03     1.03600e+00     1.02221e-01     3.13940e+04
    2.63525e+03     1.02600e+00     9.92112e-02     3.10910e+04
    2.63535e+03     1.01746e+00     9.60168e-02     3.08320e+04
    2.63545e+03     1.02465e+00     9.95544e-02     3.10500e+04
    2.63555e+03     1.01983e+00     9.74688e-02     3.09040e+04
    2.63565e+03     1.03379e+00     1.00267e-01     3.13270e+04
    2.63575e+03     1.01851e+00     9.85776e-02     3.08640e+04
    2.63585e+03     1.02165e+00     9.87096e-02     3.09590e+04
    2.63595e+03     1.02528e+00     9.87624e-02     3.10690e+04
    2.63605e+03     1.03267e+00     1.03699e-01     3.12930e+04
    2.63615e+03     1.02340e+00     1.00848e-01     3.10120e+04
    2.63625e+03     1.00237e+00     1.00082e-01     3.03750e+04
    2.63635e+03     1.01673e+00     1.01033e-01     3.08100e+04
    2.63645e+03     1.01468e+00     1.00901e-01     3.07480e+04
    2.63655e+03     1.01373e+00     9.89736e-02     3.07190e+04
    2.63665e+03     1.01459e+00     1.01191e-01     3.07450e+04
    2.63675e+03     1.01574e+00     1.00082e-01     3.07800e+04
    2.63685e+03     1.01168e+00     1.00267e-01     3.06570e+04
    2.63695e+03     1.00568e+00     1.00082e-01     3.04750e+04
    2.63705e+03     1.01373e+00     1.00637e-01     3.07190e+04
    2.63715e+03     1.01488e+00     1.00109e-01     3.07540e+04
    2.63725e+03     1.00465e+00     1.00980e-01     3.04440e+04
    2.63735e+03     1.01072e+00     9.90264e-02     3.06280e+04
    2.63745e+03     1.01294e+00     1.01534e-01     3.06950e+04
    2.63755e+03     1.01020e+00     9.92904e-02     3.06120e+04
    2.63765e+03     1.01429e+00     1.00610e-01     3.07360e+04
    2.63775e+03     1.01577e+00     1.00082e-01     3.07810e+04
    2.63785e+03     1.00650e+00     1.01218e-01     3.05000e+04
    2.63795e+03     1.01006e+00     9.85248e-02     3.06080e+04
    2.63805e+03     1.00442e+00     1.01244e-01     3.04370e+04
    2.63815e+03     1.00102e+00     1.00742e-01     3.03340e+04
    2.63825e+03     9.95544e-01     9.97920e-02     3.01680e+04
    2.63835e+03     1.00541e+00     9.98976e-02     3.04670e+04
    2.63845e+03     1.00568e+00     9.76272e-02     3.04750e+04
    2.63855e+03     9.98646e-01     1.00399e-01     3.02620e+04
    2.63865e+03     9.93498e-01     9.84192e-02     3.01060e+04
    2.63875e+03     1.00597e+00     9.96072e-02     3.04840e+04
    2.63885e+03     1.00393e+00     9.97128e-02     3.04220e+04
    2.63895e+03     1.00548e+00     1.00584e-01     3.04690e+04
