    2.57305e+03     1.00429e+00     1.03450e-01     3.13840e+04
    2.57315e+03     1.00406e+00     1.02042e-01     3.13770e+04
    2.57325e+03     9.99456e-01     9.77664e-02     3.12330e+04
    2.57335e+03     1.00122e+00     9.91232e-02     3.12880e+04
    2.57345e+03     9.98624e-01     1.01760e-01     3.12070e+04
    2.57355e+03     1.00106e+00     9.97376e-02     3.12830e+04
    2.57365e+03     9.99648e-01     1.01069e-01     3.12390e+04
    2.57375e+03     9.97184e-01     9.72288e-02     3.11620e+04
    2.57385e+03     1.00070e+00     1.00096e-01     3.12720e+04
    2.57395e+03     1.00819e+00     9.97888e-02     3.15060e+04
    2.57405e+03     9.97760e-01     9.79200e-02     3.11800e+04
    2.57415e+03     9.89280e-01     1.00454e-01     3.09150e+04
    2.57425e+03     1.00198e+00     1.00659e-01     3.13120e+04
    2.57435e+03     9.98176e-01     1.01069e-01     3.11930e+04
    2.57445e+03     9.92864e-01     9.89952e-02     3.10270e+04
    2.57455e+03     9.92448e-01     9.86368e-02     3.10140e+04
    2.57465e+03     9.91424e-01     9.86624e-02     3.09820e+04
    2.57475e+03     1.00291e+00     9.91488e-02     3.13410e+04
    2.57485e+03     1.00867e+00     9.95840e-02     3.15210e+04
    2.57495e+03     1.00122e+00     1.00710e-01     3.12880e+04
    2.57505e+03     9.95712e-01     9.92768e-02     3.11160e+04
    2.57515e+03     9.99584e-01     9.99168e-02     3.12370e+04
    2.57525e+03     9.93984e-01     1.04141e-01     3.10620e+04
    2.57535e+03     1.00365e+00     1.00608e-01     3.13640e+04
    2.57545e+03     9.98656e-01     9.91744e-02     3.12080e+04
    2.57555e+03     1.00064e+00     1.02426e-01     3.12700e+04
    2.57565e+03     1.00269e+00     1.03014e-01     3.13340e+04
    2.57575e+03     9.99456e-01     1.00608e-01     3.12330e+04
    2.57585e+03     9.94080e-01     1.01146e-01     3.10650e+04
    2.57595e+03     1.00534e+00     1.01094e-01     3.14170e+04
    2.57605e+03     1.00662e+00     1.01504e-01     3.14570e+04
    2.57615e+03     1.00758e+00     1.03808e-01     3.14870e+04
    2.57625e+03     9.91072e-01     1.00966e-01     3.09710e+04
    2.57635e+03     9.99808e-01     9.94816e-02     3.12440e+04
    2.57645e+03     1.00144e+00     1.00352e-01     3.12950e+04
    2.57655e+03     9.94432e-01     1.00685e-01     3.10760e+04
    2.57665e+03     1.00003e+00     1.00915e-01     3.12510e+04
    2.57675e+03     1.00387e+00     1.01811e-01     3.13710e+04
    2.57685e+03     1.00477e+00     9.97888e-02     3.13990e+04
    2.57695e+03     1.00621e+00     9.97632e-02     3.14440e+04
    2.57705e+03     9.99008e-01     1.02502e-01     3.12190e+04
    2.57715e+03     9.94048e-01     1.00429e-01     3.10640e+04
    2.57725e+03     1.00080e+00     9.88416e-02     3.12750e+04
    2.57735e+03     9.96288e-01     1.03501e-01     3.11340e+04
    2.57745e+03     9.96544e-01     1.01171e-01     3.11420e+04
    2.57755e+03     9.98432e-01     9.94304e-02     3.12010e+04
    2.57765e+03     9.89728e-01     9.74080e-02     3.09290e+04
    2.57775e+03     1.00173e+00     1.01069e-01     3.13040e+04
    2.57785e+03     1.00170e+00     9.91232e-02     3.13030e+04
    2.57795e+03     1.00426e+00     9.82784e-02     3.13830e+04
    2.57805e+03     9.99168e-01     1.01427e-01     3.12240e+04
    2.57815e+03     1.01469e+00     1.02682e-01     3.17090e+04
    2.57825e+03     9.91456e-01     1.00378e-01     3.09830e+04
    2.57835e+03     9.98496e-01     1.00122e-01     3.12030e+04
    2.57845e+03     9.91712e-01     9.84832e-02     3.09910e+04
    2.57855e+03     9.97664e-01     1.00224e-01     3.11770e+04
    2.57865e+03     9.93952e-01     9.97376e-02     3.10610e+04
    2.57875e+03     9.97824e-01     1.01248e-01     3.11820e+04
    2.57885e+03     9.99360e-01     1.00531e-01     3.12300e+04
    2.57895e+03     9.96416e-01     9.85088e-02     3.11380e+04
    2.57905e+03     9.96960e-01     9.96096e-02     3.11550e+04
    2.57915e+03     9.95232e-01     9.91744e-02     3.11010e+04
    2.57925e+03     1.00518e+00     1.00762e-01     3.14120e+04
    2.57935e+03     9.98944e-01     9.95840e-02     3.12170e+04
    2.57945e+03     9.95072e-01     1.00378e-01     3.10960e+04
    2.57955e+03     9.94752e-01     9.76128e-02     3.10860e+04
    2.57965e+03     9.91328e-01     9.89440e-02     3.09790e+04
    2.57975e+03     1.00538e+00     1.01427e-01     3.14180e+04
    2.57985e+03     9.92160e-01     9.92000e-02     3.10050e+04
    2.57995e+03     1.00304e+00     1.01325e-01     3.13450e+04
    2.58005e+03     1.00003e+00     9.98144e-02     3.12510e+04
    2.58015e+03     1.00893e+00     9.98912e-02     3.15290e+04
    2.58025e+03     9.98656e-01     9.89440e-02     3.12080e+04
    2.58035e+03     9.89536e-01     9.83296e-02     3.09230e+04
    2.58045e+03     9.91648e-01     9.93536e-02     3.09890e+04
    2.58055e+03     9.94048e-01     9.99168e-02     3.10640e+04
    2.58065e+03     9.81664e-01     9.94304e-02     3.06770e+04
    2.58075e+03     1.00109e+00     9.74592e-02     3.12840e+04
    2.58085e+03     9.94784e-01     9.86368e-02     3.10870e+04
    2.58095e+03     1.00058e+00     9.88672e-02     3.12680e+04
    2.58105e+03     9.89280e-01     9.89184e-02     3.09150e+04
    2.58115e+03     9.90592e-01     1.00326e-01     3.09560e+04
    2.58125e+03     9.81824e-01     9.89952e-02     3.06820e+04
    2.58135e+03     9.89216e-01     9.68960e-02     3.09130e+04
    2.58145e+03     9.99872e-01     1.04371e-01     3.12460e+04
    2.58155e+03     9.90784e-01     9.83808e-02     3.09620e+04
    2.58165e+03     9.84928e-01     9.82016e-02     3.07790e+04
    2.58175e+03     9.85120e-01     9.92000e-02     3.07850e+04
    2.58185e+03     9.84512e-01     9.84832e-02     3.07660e+04
    2.58195e+03     9.80928e-01     9.69216e-02     3.06540e+04
    2.58205e+03     9.71808e-01     9.71776e-02     3.03690e+04
    2.58215e+03     9.90080e-01     9.96096e-02     3.09400e+04
    2.58225e+03     9.70624e-01     9.62304e-02     3.03320e+04
    2.58235e+03     9.69728e-01     9.66912e-02     3.03040e+04
    2.58245e+03     9.63456e-01     9.64608e-02     3.01080e+04
    2.58255e+03     9.76704e-01     9.58208e-02     3.05220e+04
    2.58265e+03     9.66464e-01     9.31072e-02     3.02020e+04
    2.58275e+03     9.60832e-01     9.49760e-02     3.00260e+04
    2.58285e+03     9.67008e-01     9.79200e-02     3.02190e+04
    2.58295e+03     9.51648e-01     9.28768e-02     2.97390e+04
    2.58305e+03     9.51968e-01     9.61792e-02     2.97490e+04
    2.58315e+03     9.40928e-01     9.20576e-02     2.94040e+04
    2.58325e+03     9.36736e-01     9.24928e-02     2.92730e+04
    2.58335e+03     9.27168e-01     9.24416e-02     2.89740e+04
    2.58345e+03     9.23360e-01     9.44384e-02     2.88550e+04
    2.58355e+03     9.12768e-01     9.17248e-02     2.85240e+04
    2.58365e+03     9.08928e-01     9.33376e-02     2.84040e+04
    2.58375e+03     8.92608e-01     8.74496e-02     2.78940e+04
    2.58385e+03     8.70304e-01     8.69376e-02     2.71970e+04
    2.58395e+03     8.63872e-01     8.42240e-02     2.69960e+04
    2.58405e+03     8.37824e-01     8.38400e-02     2.61820e+04
    2.58415e+03     8.22560e-01     7.84640e-02     2.57050e+04
    2.58425e+03     7.91488e-01     7.96160e-02     2.47340e+04
    2.58435e+03     7.60224e-01     7.54944e-02     2.37570e+04
    2.58445e+03     7.31072e-01     7.23968e-02     2.28460e+04
    2.58455e+03     6.81632e-01     6.60224e-02     2.13010e+04
    2.58465e+03     6.18208e-01     5.79584e-02     1.93190e+04
    2.58475e+03     5.61696e-01     5.38368e-02     1.75530e+04
    2.58485e+03     4.91584e-01     4.74624e-02     1.53620e+04
    2.58495e+03     4.14240e-01     3.82208e-02     1.29450e+04
    2.58505e+03     3.21312e-01     2.94400e-02     1.00410e+04
    2.58515e+03     2.35584e-01     1.98400e-02     7.36200e+03
    2.58525e+03     1.50624e-01     1.29024e-02     4.70700e+03
    2.58535e+03     8.39360e-02     5.96480e-03     2.62300e+03
    2.58545e+03     3.81760e-02     1.79200e-03     1.19300e+03
    2.58555e+03     1.81760e-02     5.12000e-04     5.68000e+02
    2.58565e+03     8.32000e-03     5.12000e-05     2.60000e+02
    2.58575e+03     5.53600e-03     0.00000e+00     1.73000e+02
    2.58585e+03     3.45600e-03     0.00000e+00     1.08000e+02
    2.58595e+03     1.88800e-03     0.00000e+00     5.90000e+01
    2.58605e+03     8.32000e-04     0.00000e+00     2.60000e+01
    2.58615e+03     9.60000e-05     0.00000e+00     3.00000e+00
    2.58625e+03     1.92000e-04     0.00000e+00     6.00000e+00
    2.58635e+03     2.88000e-04     2.56000e-05     9.00000e+00
    2.58645e+03     1.18432e-01     1.04192e-02     3.70100e+03
    2.58655e+03     5.03200e-01     4.52096e-02     1.57250e+04
    2.58665e+03     7.31136e-01     6.62784e-02     2.28480e+04
    2.58675e+03     8.41248e-01     7.38816e-02     2.62890e+04
    2.58685e+03     9.12480e-01     7.79520e-02     2.85150e+04
    2.58695e+03     9.56736e-01     8.31488e-02     2.98980e+04
    2.58705e+03     1.00307e+00     9.03936e-02     3.13460e+04
    2.58715e+03     1.01936e+00     9.06496e-02     3.18550e+04
    2.58725e+03     1.02650e+00     9.19808e-02     3.20780e+04
    2.58735e+03     1.05216e+00     9.37472e-02     3.28800e+04
    2.58745e+03     1.04762e+00     9.66656e-02     3.27380e+04
    2.58755e+03     1.04598e+00     9.50016e-02     3.26870e+04
    2.58765e+03     1.04445e+00     9.57696e-02     3.26390e+04
    2.58775e+03     1.03098e+00     9.56160e-02     3.22180e+04
    2.58785e+03     1.03520e+00     9.59744e-02     3.23500e+04
    2.58795e+03     1.02150e+00     9.54880e-02     3.19220e+04
    2.58805e+03     1.02890e+00     9.88160e-02     3.21530e+04
    2.58815e+03     1.02627e+00     9.72544e-02     3.20710e+04
    2.58825e+03     1.01402e+00     9.85856e-02     3.16880e+04
    2.58835e+03     1.01456e+00     9.86368e-02     3.17050e+04
    2.58845e+03     1.02746e+00     1.00122e-01     3.21080e+04
    2.58855e+03     1.00707e+00     1.01043e-01     3.14710e+04
    2.58865e+03     1.00874e+00     9.82784e-02     3.15230e+04
    2.58875e+03     1.00400e+00     9.67424e-02     3.13750e+04
    2.58885e+03     1.00746e+00     9.92000e-02     3.14830e+04
    2.58895e+03     1.00128e+00     9.87904e-02     3.12900e+04
    2.58905e+03     9.97920e-01     9.79200e-02     3.11850e+04
    2.58915e+03     9.98848e-01     9.83808e-02     3.12140e+04
    2.58925e+03     1.01053e+00     9.98144e-02     3.15790e+04
    2.58935e+03     9.92192e-01     9.63072e-02     3.10060e+04
    2.58945e+03     9.87616e-01     9.60512e-02     3.08630e+04
    2.58955e+03     1.00390e+00     1.00531e-01     3.13720e+04
    2.58965e+03     9.92928e-01     9.68448e-02     3.10290e+04
    2.58975e+03     9.94816e-01     1.00762e-01     3.10880e+04
    2.58985e+03     9.99104e-01     9.74592e-02     3.12220e+04
    2.58995e+03     9.97728e-01     9.97376e-02     3.11790e+04
    2.59005e+03     1.00003e+00     1.00685e-01     3.12510e+04
    2.59015e+03     9.99072e-01     1.00736e-01     3.12210e+04
    2.59025e+03     1.00211e+00     9.84064e-02     3.13160e+04
    2.59035e+03     1.00301e+00     1.01171e-01     3.13440e+04
    2.59045e+03     9.94112e-01     9.82016e-02     3.10660e+04
    2.59055e+03     1.00224e+00     9.94560e-02     3.13200e+04
    2.59065e+03     1.00064e+00     1.01760e-01     3.12700e+04
    2.59075e+03     1.00400e+00     1.02195e-01     3.13750e+04
    2.59085e+03     1.00378e+00     9.92512e-02     3.13680e+04
    2.59095e+03     9.99232e-01     9.99168e-02     3.12260e+04
    2.59105e+03     1.00374e+00     1.00864e-01     3.13670e+04
    2.59115e+03     1.01171e+00     1.02554e-01     3.16160e+04
    2.59125e+03     1.00438e+00     1.00250e-01     3.13870e+04
    2.59135e+03     1.00560e+00     9.90208e-02     3.14250e+04
    2.59145e+03     9.92544e-01     9.89696e-02     3.10170e+04
    2.59155e+03     9.95488e-01     9.95328e-02     3.11090e+04
    2.59165e+03     1.00240e+00     1.00915e-01     3.13250e+04
    2.59175e+03     1.00022e+00     1.01094e-01     3.12570e+04
    2.59185e+03     9.96576e-01     9.88672e-02     3.11430e+04
    2.59195e+03     1.00531e+00     9.89184e-02     3.14160e+04
    2.59205e+03     9.99808e-01     1.01990e-01     3.12440e+04
    2.59215e+03     1.00054e+00     9.86880e-02     3.12670e+04
    2.59225e+03     1.00518e+00     1.00710e-01     3.14120e+04
    2.59235e+03     9.95552e-01     9.75872e-02     3.11110e+04
    2.59245e+03     9.96608e-01     9.90208e-02     3.11440e+04
    2.59255e+03     1.00518e+00     1.01632e-01     3.14120e+04
    2.59265e+03     9.95072e-01     9.83040e-02     3.10960e+04
    2.59275e+03     9.93632e-01     9.96864e-02     3.10510e+04
    2.59285e+03     1.00176e+00     1.00198e-01     3.13050e+04
    2.59295e+03     9.92128e-01     9.85856e-02     3.10040e+04
    2.59305e+03     9.91328e-01     1.00531e-01     3.09790e+04
    2.59315e+03     9.92416e-01     9.93792e-02     3.10130e+04
    2.59325e+03     9.93344e-01     9.79200e-02     3.10420e+04
    2.59335e+03     9.89216e-01     9.95584e-02     3.09130e+04
    2.59345e+03     9.78784e-01     9.65120e-02     3.05870e+04
    2.59355e+03     9.86592e-01     9.80480e-02     3.08310e+04
    2.59365e+03     9.85952e-01     9.90720e-02     3.08110e+04
    2.59375e+03     9.88064e-01     9.95584e-02     3.08770e+04
    2.59385e+03     9.93248e-01     1.00070e-01     3.10390e+04
    2.59395e+03     9.86880e-01     9.77408e-02     3.08400e+04
    2.59405e+03     9.81024e-01     9.65888e-02     3.06570e+04
    2.59415e+03     9.83232e-01     9.72288e-02     3.07260e+04
    2.59425e+03     9.69056e-01     9.47200e-02     3.02830e+04
    2.59435e+03     9.85312e-01     9.95840e-02     3.07910e+04
    2.59445e+03     9.78528e-01     9.64608e-02     3.05790e+04
    2.59455e+03     9.85280e-01     9.49760e-02     3.07900e+04
    2.59465e+03     9.85376e-01     9.65888e-02     3.07930e+04
    2.59475e+03     9.64160e-01     9.71008e-02     3.01300e+04
    2.59485e+03     9.71424e-01     9.78688e-02     3.03570e+04
    2.59495e+03     9.69024e-01     9.71008e-02     3.02820e+04
    2.59505e+03     9.64224e-01     9.54112e-02     3.01320e+04
    2.59515e+03     9.63008e-01     9.42336e-02     3.00940e+04
    2.59525e+03     9.62272e-01     9.89696e-02     3.00710e+04
    2.59535e+03     9.53056e-01     9.30560e-02     2.97830e+04
    2.59545e+03     9.53248e-01     9.63584e-02     2.97890e+04
    2.59555e+03     9.49376e-01     9.39520e-02     2.96680e+04
    2.59565e+03     9.31136e-01     9.10336e-02     2.90980e+04
    2.59575e+03     9.28576e-01     9.14688e-02     2.90180e+04
    2.59585e+03     9.17536e-01     9.06752e-02     2.86730e+04
    2.59595e+03     9.09280e-01     8.99072e-02     2.84150e+04
    2.59605e+03     9.08224e-01     9.09824e-02     2.83820e+04
    2.59615e+03     9.03968e-01     8.84224e-02     2.82490e+04
    2.59625e+03     8.90432e-01     8.71936e-02     2.78260e+04
    2.59635e+03     8.84768e-01     8.59648e-02     2.76490e+04
    2.59645e+03     8.68192e-01     8.64000e-02     2.71310e+04
    2.59655e+03     8.54848e-01     8.16384e-02     2.67140e+04
    2.59665e+03     8.40032e-01     7.96672e-02     2.62510e+04
    2.59675e+03     8.28096e-01     7.72352e-02     2.58780e+04
    2.59685e+03     8.22592e-01     7.83104e-02     2.57060e+04
    2.59695e+03     7.91168e-01     7.64672e-02     2.47240e+04
    2.59705e+03     7.71616e-01     7.23200e-02     2.41130e+04
    2.59715e+03     7.42208e-01     6.68928e-02     2.31940e+04
    2.59725e+03     7.13856e-01     6.62784e-02     2.23080e+04
    2.59735e+03     6.86848e-01     6.21824e-02     2.14640e+04
    2.59745e+03     6.54144e-01     5.91360e-02     2.04420e+04
    2.59755e+03     6.08192e-01     5.12768e-02     1.90060e+04
    2.59765e+03     5.61568e-01     4.67456e-02     1.75490e+04
    2.59775e+03     5.20800e-01     4.13952e-02     1.62750e+04
    2.59785e+03     4.66464e-01     3.69408e-02     1.45770e+04
    2.59795e+03     4.06272e-01     3.03872e-02     1.26960e+04
    2.59805e+03     3.49216e-01     2.58816e-02     1.09130e+04
    2.59815e+03     2.87968e-01     1.75872e-02     8.99900e+03
    2.59825e+03     2.29728e-01     1.22368e-02     7.17900e+03
    2.59835e+03     1.82432e-01     7.44960e-03     5.70100e+03
    2.59845e+03     1.41600e-01     3.60960e-03     4.42500e+03
    2.59855e+03     1.05376e-01     1.45920e-03     3.29300e+03
    2.59865e+03     8.08320e-02     5.37600e-04     2.52600e+03
    2.59875e+03     6.13760e-02     1.02400e-04     1.91800e+03
    2.59885e+03     4.85120e-02     2.56000e-05     1.51600e+03
    2.59895e+03     3.84000e-02     0.00000e+00     1.20000e+03
    2.59905e+03     2.70720e-02     0.00000e+00     8.46000e+02
    2.59915e+03     1.96160e-02     0.00000e+00     6.13000e+02
    2.59925e+03     1.30240e-02     0.00000e+00     4.07000e+02
    2.59935e+03     8.60800e-03     0.00000e+00     2.69000e+02
    2.59945e+03     5.37600e-03     0.00000e+00     1.68000e+02
    2.59955e+03     3.16800e-03     0.00000e+00     9.90000e+01
    2.59965e+03     1.72800e-03     0.00000e+00     5.40000e+01
    2.59975e+03     1.12000e-03     0.00000e+00     3.50000e+01
    2.59985e+03     5.12000e-04     0.00000e+00     1.60000e+01
    2.59995e+03     2.20800e-03     7.68000e-05     6.90000e+01
    2.60005e+03     8.17280e-02     4.94080e-03     2.55400e+03
    2.60015e+03     3.46080e-01     1.99680e-02     1.08150e+04
    2.60025e+03     6.40384e-01     3.19744e-02     2.00120e+04
    2.60035e+03     9.01888e-01     4.78720e-02     2.81840e+04
    2.60045e+03     1.11853e+00     5.33760e-02     3.49540e+04
    2.60055e+03     1.26474e+00     6.16704e-02     3.95230e+04
    2.60065e+03     1.38512e+00     6.72768e-02     4.32850e+04
    2.60075e+03     1.46061e+00     7.01952e-02     4.56440e+04
    2.60085e+03     1.52083e+00     7.61344e-02     4.75260e+04
    2.60095e+03     1.54077e+00     7.85152e-02     4.81490e+04
    2.60105e+03     1.56749e+00     8.19712e-02     4.89840e+04
    2.60115e+03     1.56390e+00     8.33024e-02     4.88720e+04
    2.60125e+03     1.54006e+00     8.62208e-02     4.81270e+04
    2.60135e+03     1.49536e+00     8.84224e-02     4.67300e+04
    2.60145e+03     1.45555e+00     8.88064e-02     4.54860e+04
    2.60155e+03     1.40608e+00     8.86784e-02     4.39400e+04
    2.60165e+03     1.37235e+00     9.24160e-02     4.28860e+04
    2.60175e+03     1.31818e+00     9.03936e-02     4.11930e+04
    2.60185e+03     1.28086e+00     9.01376e-02     4.00270e+04
    2.60195e+03     1.24624e+00     9.53600e-02     3.89450e+04
    2.60205e+03     1.21805e+00     9.06752e-02     3.80640e+04
    2.60215e+03     1.19107e+00     9.43104e-02     3.72210e+04
    2.60225e+03     1.17318e+00     9.38240e-02     3.66620e+04
    2.60235e+03     1.13587e+00     9.49760e-02     3.54960e+04
    2.60245e+03     1.12070e+00     9.86624e-02     3.50220e+04
    2.60255e+03     1.11187e+00     9.95328e-02     3.47460e+04
    2.60265e+03     1.09978e+00     9.49504e-02     3.43680e+04
    2.60275e+03     1.08483e+00     9.52576e-02     3.39010e+04
    2.60285e+03     1.08493e+00     9.74080e-02     3.39040e+04
    2.60295e+03     1.06525e+00     9.92000e-02     3.32890e+04
    2.60305e+03     1.05622e+00     9.86368e-02     3.30070e+04
    2.60315e+03     1.05779e+00     9.83808e-02     3.30560e+04
    2.60325e+03     1.04525e+00     9.79968e-02     3.26640e+04
    2.60335e+03     1.03648e+00     9.63584e-02     3.23900e+04
    2.60345e+03     1.04531e+00     9.96864e-02     3.26660e+04
    2.60355e+03     1.04544e+00     1.00122e-01     3.26700e+04
    2.60365e+03     1.04691e+00     9.92256e-02     3.27160e+04
    2.60375e+03     1.03920e+00     9.99936e-02     3.24750e+04
    2.60385e+03     1.04298e+00     1.02195e-01     3.25930e+04
    2.60395e+03     1.03990e+00     1.00198e-01     3.24970e+04
    2.60405e+03     1.02432e+00     9.98144e-02     3.20100e+04
    2.60415e+03     1.01773e+00     9.79712e-02     3.18040e+04
    2.60425e+03     1.01408e+00     9.88160e-02     3.16900e+04
    2.60435e+03     1.02416e+00     9.89440e-02     3.20050e+04
    2.60445e+03     1.02771e+00     1.00378e-01     3.21160e+04
    2.60455e+03     1.00787e+00     9.95840e-02     3.14960e+04
    2.60465e+03     1.00435e+00     1.01939e-01     3.13860e+04
    2.60475e+03     1.01469e+00     9.83296e-02     3.17090e+04
    2.60485e+03     1.00166e+00     1.00813e-01     3.13020e+04
    2.60495e+03     1.01098e+00     9.93792e-02     3.15930e+04
    2.60505e+03     9.92896e-01     1.00019e-01     3.10280e+04
    2.60515e+03     1.00490e+00     1.01376e-01     3.14030e+04
    2.60525e+03     9.88864e-01     9.99680e-02     3.09020e+04
    2.60535e+03     9.94080e-01     9.82272e-02     3.10650e+04
    2.60545e+03     1.00374e+00     9.93792e-02     3.13670e+04
    2.60555e+03     1.00768e+00     1.02323e-01     3.14900e+04
    2.60565e+03     1.00944e+00     9.90720e-02     3.15450e+04
    2.60575e+03     1.00464e+00     9.84576e-02     3.13950e+04
    2.60585e+03     9.99392e-01     9.94304e-02     3.12310e+04
    2.60595e+03     9.96160e-01     9.60000e-02     3.11300e+04
    2.60605e+03     9.98272e-01     9.90208e-02     3.11960e+04
    2.60615e+03     9.98240e-01     1.00019e-01     3.11950e+04
    2.60625e+03     1.00403e+00     9.87392e-02     3.13760e+04
    2.60635e+03     1.00525e+00     1.00250e-01     3.14140e+04
    2.60645e+03     9.92096e-01     1.01478e-01     3.10030e+04
    2.60655e+03     9.97760e-01     1.02272e-01     3.11800e+04
    2.60665e+03     9.99616e-01     9.91488e-02     3.12380e+04
    2.60675e+03     9.96928e-01     1.00122e-01     3.11540e+04
    2.60685e+03     1.00451e+00     1.01350e-01     3.13910e+04
    2.60695e+03     1.00602e+00     1.01018e-01     3.14380e+04
    2.60705e+03     1.00800e+00     9.95328e-02     3.15000e+04
    2.60715e+03     9.96192e-01     9.91488e-02     3.11310e+04
    2.60725e+03     1.00326e+00     1.00122e-01     3.13520e+04
    2.60735e+03     9.92032e-01     1.00378e-01     3.10010e+04
    2.60745e+03     9.91776e-01     1.00557e-01     3.09930e+04
    2.60755e+03     1.00013e+00     9.85344e-02     3.12540e+04
    2.60765e+03     9.94976e-01     9.76640e-02     3.10930e+04
    2.60775e+03     1.00010e+00     9.97888e-02     3.12530e+04
    2.60785e+03     1.00070e+00     1.02246e-01     3.12720e+04
    2.60795e+03     1.00035e+00     9.85600e-02     3.12610e+04
    2.60805e+03     1.00240e+00     1.01197e-01     3.13250e+04
    2.60815e+03     1.00256e+00     9.79200e-02     3.13300e+04
    2.60825e+03     9.91904e-01     9.96864e-02     3.09970e+04
    2.60835e+03     1.00666e+00     1.03142e-01     3.14580e+04
    2.60845e+03     1.00237e+00     1.00864e-01     3.13240e+04
    2.60855e+03     1.00048e+00     1.01837e-01     3.12650e+04
    2.60865e+03     1.00259e+00     9.85344e-02     3.13310e+04
    2.60875e+03     1.00637e+00     1.02042e-01     3.14490e+04
    2.60885e+03     9.94208e-01     9.97888e-02     3.10690e+04
    2.60895e+03     1.01126e+00     1.01069e-01     3.16020e+04
    2.60905e+03     9.98176e-01     1.01325e-01     3.11930e+04
    2.60915e+03     1.00163e+00     9.77152e-02     3.13010e+04
    2.60925e+03     1.01027e+00     1.01581e-01     3.15710e+04
    2.60935e+03     9.96320e-01     1.01606e-01     3.11350e+04
    2.60945e+03     9.99904e-01     1.00301e-01     3.12470e+04
    2.60955e+03     9.99136e-01     1.00736e-01     3.12230e+04
    2.60965e+03     1.00896e+00     9.90720e-02     3.15300e+04
    2.60975e+03     9.92480e-01     9.75616e-02     3.10150e+04
    2.60985e+03     1.00602e+00     1.01146e-01     3.14380e+04
    2.60995e+03     1.01648e+00     9.83296e-02     3.17650e+04
    2.61005e+03     1.00448e+00     9.91488e-02     3.13900e+04
    2.61015e+03     1.01408e+00     1.03014e-01     3.16900e+04
    2.61025e+03     9.99424e-01     9.86624e-02     3.12320e+04
    2.61035e+03     1.00810e+00     9.88672e-02     3.15030e+04
    2.61045e+03     1.02115e+00     1.01888e-01     3.19110e+04
    2.61055e+03     1.01914e+00     1.01709e-01     3.18480e+04
    2.61065e+03     1.02323e+00     1.00531e-01     3.19760e+04
    2.61075e+03     1.01760e+00     9.78688e-02     3.18000e+04
    2.61085e+03     1.04237e+00     9.94816e-02     3.25740e+04
    2.61095e+03     1.05133e+00     9.94816e-02     3.28540e+04
    2.61105e+03     1.05264e+00     1.03168e-01     3.28950e+04
    2.61115e+03     1.08224e+00     1.01990e-01     3.38200e+04
    2.61125e+03     1.09206e+00     1.00557e-01     3.41270e+04
    2.61135e+03     1.10669e+00     9.54368e-02     3.45840e+04
    2.61145e+03     1.13485e+00     9.76640e-02     3.54640e+04
    2.61155e+03     1.17222e+00     1.00659e-01     3.66320e+04
    2.61165e+03     1.20678e+00     9.82016e-02     3.77120e+04
    2.61175e+03     1.25670e+00     1.03347e-01     3.92720e+04
    2.61185e+03     1.30605e+00     1.02016e-01     4.08140e+04
    2.61195e+03     1.36438e+00     9.83552e-02     4.26370e+04
    2.61205e+03     1.44275e+00     1.03091e-01     4.50860e+04
    2.61215e+03     1.53926e+00     9.84576e-02     4.81020e+04
    2.61225e+03     1.66995e+00     1.01171e-01     5.21860e+04
    2.61235e+03     1.74118e+00     1.02016e-01     5.44120e+04
    2.61245e+03     1.76282e+00     9.90208e-02     5.50880e+04
    2.61255e+03     1.78688e+00     9.71776e-02     5.58400e+04
    2.61265e+03     1.78861e+00     9.93024e-02     5.58940e+04
    2.61275e+03     1.77654e+00     1.03552e-01     5.55170e+04
    2.61285e+03     1.77194e+00     9.88928e-02     5.53730e+04
    2.61295e+03     1.73734e+00     1.00506e-01     5.42920e+04
    2.61305e+03     1.66013e+00     1.00813e-01     5.18790e+04
    2.61315e+03     1.55478e+00     1.01299e-01     4.85870e+04
    2.61325e+03     1.45760e+00     1.00250e-01     4.55500e+04
    2.61335e+03     1.35373e+00     9.84832e-02     4.23040e+04
    2.61345e+03     1.29642e+00     9.92256e-02     4.05130e+04
    2.61355e+03     1.26086e+00     9.96096e-02     3.94020e+04
    2.61365e+03     1.20147e+00     1.01120e-01     3.75460e+04
    2.61375e+03     1.17405e+00     9.88928e-02     3.66890e+04
    2.61385e+03     1.13290e+00     9.90208e-02     3.54030e+04
    2.61395e+03     1.10499e+00     1.00890e-01     3.45310e+04
    2.61405e+03     1.08112e+00     9.96352e-02     3.37850e+04
    2.61415e+03     1.08301e+00     1.02528e-01     3.38440e+04
    2.61425e+03     1.05712e+00     9.67936e-02     3.30350e+04
    2.61435e+03     1.03885e+00     9.87648e-02     3.24640e+04
    2.61445e+03     1.03558e+00     1.01094e-01     3.23620e+04
    2.61455e+03     1.03770e+00     9.99424e-02     3.24280e+04
    2.61465e+03     1.02182e+00     9.99424e-02     3.19320e+04
    2.61475e+03     1.01718e+00     9.86880e-02     3.17870e+04
    2.61485e+03     1.02246e+00     1.00378e-01     3.19520e+04
    2.61495e+03     1.01894e+00     1.01146e-01     3.18420e+04
    2.61505e+03     1.01706e+00     9.92256e-02     3.17830e+04
    2.61515e+03     1.01405e+00     9.93536e-02     3.16890e+04
    2.61525e+03     1.01571e+00     9.90208e-02     3.17410e+04
    2.61535e+03     1.00851e+00     9.77152e-02     3.15160e+04
    2.61545e+03     1.00390e+00     9.86880e-02     3.13720e+04
    2.61555e+03     1.01408e+00     1.00173e-01     3.16900e+04
    2.61565e+03     9.86784e-01     9.98912e-02     3.08370e+04
    2.61575e+03     1.01658e+00     9.97120e-02     3.17680e+04
    2.61585e+03     1.00774e+00     9.93280e-02     3.14920e+04
    2.61595e+03     1.00442e+00     1.03322e-01     3.13880e+04
    2.61605e+03     9.96160e-01     1.00813e-01     3.11300e+04
    2.61615e+03     1.00842e+00     1.00454e-01     3.15130e+04
    2.61625e+03     1.01043e+00     1.00838e-01     3.15760e+04
    2.61635e+03     1.00349e+00     1.00787e-01     3.13590e+04
    2.61645e+03     1.00662e+00     1.01376e-01     3.14570e+04
    2.61655e+03     1.00445e+00     1.00173e-01     3.13890e+04
    2.61665e+03     9.94400e-01     9.81248e-02     3.10750e+04
    2.61675e+03     1.00598e+00     9.95328e-02     3.14370e+04
    2.61685e+03     9.92640e-01     9.98912e-02     3.10200e+04
    2.61695e+03     9.97088e-01     1.01146e-01     3.11590e+04
    2.61705e+03     9.96704e-01     1.01248e-01     3.11470e+04
    2.61715e+03     1.00102e+00     9.83040e-02     3.12820e+04
    2.61725e+03     1.00134e+00     9.95584e-02     3.12920e+04
    2.61735e+03     1.00195e+00     9.85856e-02     3.13110e+04
    2.61745e+03     1.00650e+00     1.02067e-01     3.14530e+04
    2.61755e+03     9.90304e-01     9.95328e-02     3.09470e+04
    2.61765e+03     1.00618e+00     9.80480e-02     3.14430e+04
    2.61775e+03     9.92160e-01     1.01606e-01     3.10050e+04
    2.61785e+03     1.00013e+00     1.00864e-01     3.12540e+04
    2.61795e+03     1.00294e+00     1.01402e-01     3.13420e+04
    2.61805e+03     9.96736e-01     9.89184e-02     3.11480e+04
    2.61815e+03     1.01171e+00     1.02451e-01     3.16160e+04
    2.61825e+03     1.00781e+00     1.00941e-01     3.14940e+04
    2.61835e+03     1.00314e+00     1.00890e-01     3.13480e+04
    2.61845e+03     1.00000e+00     1.00506e-01     3.12500e+04
    2.61855e+03     9.96128e-01     1.00506e-01     3.11290e+04
    2.61865e+03     9.94560e-01     9.91744e-02     3.10800e+04
    2.61875e+03     9.98464e-01     9.86624e-02     3.12020e+04
    2.61885e+03     1.00445e+00     9.99680e-02     3.13890e+04
    2.61895e+03     1.00144e+00     1.00685e-01     3.12950e+04
    2.61905e+03     9.96128e-01     9.78432e-02     3.11290e+04
    2.61915e+03     1.00477e+00     1.02349e-01     3.13990e+04
    2.61925e+03     1.00096e+00     1.01197e-01     3.12800e+04
    2.61935e+03     1.00458e+00     1.00224e-01     3.13930e+04
    2.61945e+03     1.00490e+00     1.01248e-01     3.14030e+04
    2.61955e+03     1.00301e+00     9.95840e-02     3.13440e+04
    2.61965e+03     9.95680e-01     9.81248e-02     3.11150e+04
    2.61975e+03     1.01091e+00     1.02554e-01     3.15910e+04
    2.61985e+03     1.00035e+00     1.00378e-01     3.12610e+04
    2.61995e+03     1.00829e+00     1.00685e-01     3.15090e+04
    2.62005e+03     1.00214e+00     9.95072e-02     3.13170e+04
    2.62015e+03     9.91872e-01     9.90464e-02     3.09960e+04
    2.62025e+03     1.00698e+00     1.00070e-01     3.14680e+04
    2.62035e+03     1.00803e+00     1.01402e-01     3.15010e+04
    2.62045e+03     1.00035e+00     9.96864e-02     3.12610e+04
    2.62055e+03     1.00883e+00     1.01018e-01     3.15260e+04
    2.62065e+03     9.93696e-01     9.99936e-02     3.10530e+04
    2.62075e+03     1.00118e+00     1.00659e-01     3.12870e+04
    2.62085e+03     9.99936e-01     9.92000e-02     3.12480e+04
    2.62095e+03     9.89088e-01     9.51552e-02     3.09090e+04
    2.62105e+03     9.98304e-01     9.87392e-02     3.11970e+04
    2.62115e+03     1.00534e+00     1.02579e-01     3.14170e+04
    2.62125e+03     1.00704e+00     1.01811e-01     3.14700e+04
    2.62135e+03     1.00112e+00     9.85856e-02     3.12850e+04
    2.62145e+03     9.97728e-01     1.00045e-01     3.11790e+04
    2.62155e+03     1.00637e+00     9.91232e-02     3.14490e+04
    2.62165e+03     9.96096e-01     1.00685e-01     3.11280e+04
    2.62175e+03     1.00794e+00     1.01350e-01     3.14980e+04
    2.62185e+03     1.00243e+00     1.01530e-01     3.13260e+04
    2.62195e+03     1.00733e+00     1.02298e-01     3.14790e+04
    2.62205e+03     9.99360e-01     1.00557e-01     3.12300e+04
    2.62215e+03     1.00576e+00     1.01530e-01     3.14300e+04
    2.62225e+03     1.00160e+00     9.97632e-02     3.13000e+04
    2.62235e+03     9.97376e-01     9.98656e-02     3.11680e+04
    2.62245e+03     1.00960e+00     1.02272e-01     3.15500e+04
    2.62255e+03     1.00717e+00     1.04397e-01     3.14740e+04
    2.62265e+03     1.00829e+00     1.05702e-01     3.15090e+04
    2.62275e+03     1.01325e+00     9.93792e-02     3.16640e+04
    2.62285e+03     9.99616e-01     9.88928e-02     3.12380e+04
    2.62295e+03     1.00189e+00     1.00250e-01     3.13090e+04
    2.62305e+03     1.00854e+00     9.84064e-02     3.15170e+04
    2.62315e+03     1.00179e+00     9.74080e-02     3.13060e+04
    2.62325e+03     1.01622e+00     1.00710e-01     3.17570e+04
    2.62335e+03     9.99072e-01     1.00608e-01     3.12210e+04
    2.62345e+03     1.00278e+00     1.01632e-01     3.13370e+04
    2.62355e+03     9.98592e-01     9.95328e-02     3.12060e+04
    2.62365e+03     9.98464e-01     9.78176e-02     3.12020e+04
    2.62375e+03     1.00080e+00     1.01325e-01     3.12750e+04
    2.62385e+03     1.01546e+00     1.00506e-01     3.17330e+04
    2.62395e+03     1.01414e+00     1.01888e-01     3.16920e+04
    2.62405e+03     1.01654e+00     9.94048e-02     3.17670e+04
    2.62415e+03     1.02006e+00     9.98144e-02     3.18770e+04
    2.62425e+03     1.02810e+00     9.90464e-02     3.21280e+04
    2.62435e+03     1.02301e+00     9.86368e-02     3.19690e+04
    2.62445e+03     1.04003e+00     1.01862e-01     3.25010e+04
    2.62455e+03     1.05312e+00     1.04371e-01     3.29100e+04
    2.62465e+03     1.04646e+00     9.94048e-02     3.27020e+04
    2.62475e+03     1.07190e+00     1.02042e-01     3.34970e+04
    2.62485e+03     1.08186e+00     1.00992e-01     3.38080e+04
    2.62495e+03     1.09994e+00     1.01837e-01     3.43730e+04
    2.62505e+03     1.11440e+00     9.69728e-02     3.48250e+04
    2.62515e+03     1.16534e+00     1.00326e-01     3.64170e+04
    2.62525e+03     1.19392e+00     9.94048e-02     3.73100e+04
    2.62535e+03     1.24973e+00     9.92512e-02     3.90540e+04
    2.62545e+03     1.30982e+00     9.80992e-02     4.09320e+04
    2.62555e+03     1.37718e+00     1.00557e-01     4.30370e+04
    2.62565e+03     1.46000e+00     1.01120e-01     4.56250e+04
    2.62575e+03     1.55856e+00     9.74592e-02     4.87050e+04
    2.62585e+03     1.70061e+00     9.93792e-02     5.31440e+04
    2.62595e+03     1.85066e+00     1.00326e-01     5.78330e+04
    2.62605e+03     1.95504e+00     9.77152e-02     6.10950e+04
    2.62615e+03     2.00307e+00     9.61024e-02     6.25960e+04
    2.62625e+03     2.03258e+00     1.00557e-01     6.35180e+04
    2.62635e+03     2.03315e+00     9.91744e-02     6.35360e+04
    2.62645e+03     2.04477e+00     9.86624e-02     6.38990e+04
    2.62655e+03     2.04525e+00     9.80480e-02     6.39140e+04
    2.62665e+03     2.04282e+00     9.90720e-02     6.38380e+04
    2.62675e+03     2.02672e+00     9.88672e-02     6.33350e+04
    2.62685e+03     1.96746e+00     9.87904e-02     6.14830e+04
    2.62695e+03     1.83859e+00     1.00045e-01     5.74560e+04
    2.62705e+03     1.67715e+00     9.82016e-02     5.24110e+04
    2.62715e+03     1.56438e+00     1.02605e-01     4.88870e+04
    2.62725e+03     1.45782e+00     9.85344e-02     4.55570e+04
    2.62735e+03     1.37360e+00     9.86368e-02     4.29250e+04
    2.62745e+03     1.31219e+00     1.00762e-01     4.10060e+04
    2.62755e+03     1.24365e+00     9.92768e-02     3.88640e+04
    2.62765e+03     1.20560e+00     1.01171e-01     3.76750e+04
    2.62775e+03     1.16995e+00     9.90208e-02     3.65610e+04
    2.62785e+03     1.13658e+00     9.91232e-02     3.55180e+04
    2.62795e+03     1.09168e+00     9.90464e-02     3.41150e+04
    2.62805e+03     1.08842e+00     1.00275e-01     3.40130e+04
    2.62815e+03     1.06538e+00     9.86880e-02     3.32930e+04
    2.62825e+03     1.04854e+00     9.89696e-02     3.27670e+04
    2.62835e+03     1.03949e+00     1.00813e-01     3.24840e+04
    2.62845e+03     1.02976e+00     9.79456e-02     3.21800e+04
    2.62855e+03     1.02957e+00     9.91744e-02     3.21740e+04
    2.62865e+03     1.01776e+00     9.93024e-02     3.18050e+04
    2.62875e+03     1.02723e+00     1.00915e-01     3.21010e+04
    2.62885e+03     1.02406e+00     9.98144e-02     3.20020e+04
    2.62895e+03     1.01114e+00     1.00250e-01     3.15980e+04
    2.62905e+03     1.02064e+00     9.82784e-02     3.18950e+04
    2.62915e+03     1.01152e+00     1.00890e-01     3.16100e+04
    2.62925e+03     1.01117e+00     9.82272e-02     3.15990e+04
    2.62935e+03     1.00256e+00     9.81760e-02     3.13300e+04
    2.62945e+03     1.01290e+00     1.00326e-01     3.16530e+04
    2.62955e+03     1.00493e+00     9.73824e-02     3.14040e+04
    2.62965e+03     1.00666e+00     9.96864e-02     3.14580e+04
    2.62975e+03     1.01226e+00     1.00378e-01     3.16330e+04
    2.62985e+03     1.00998e+00     9.83808e-02     3.15620e+04
    2.62995e+03     1.01802e+00     1.00019e-01     3.18130e+04
    2.63005e+03     1.01168e+00     9.89696e-02     3.16150e+04
    2.63015e+03     1.02294e+00     1.00429e-01     3.19670e+04
    2.63025e+03     1.01318e+00     1.02349e-01     3.16620e+04
    2.63035e+03     1.02294e+00     1.01453e-01     3.19670e+04
    2.63045e+03     1.02317e+00     9.98144e-02     3.19740e+04
    2.63055e+03     1.04115e+00     1.03373e-01     3.25360e+04
    2.63065e+03     1.03946e+00     1.01120e-01     3.24830e+04
    2.63075e+03     1.05565e+00     9.86624e-02     3.29890e+04
    2.63085e+03     1.06656e+00     9.91744e-02     3.33300e+04
    2.63095e+03     1.07853e+00     9.68704e-02     3.37040e+04
    2.63105e+03     1.09776e+00     1.00352e-01     3.43050e+04
    2.63115e+03     1.11235e+00     9.89440e-02     3.47610e+04
    2.63125e+03     1.12845e+00     1.00838e-01     3.52640e+04
    2.63135e+03     1.15654e+00     9.99168e-02     3.61420e+04
    2.63145e+03     1.19203e+00     9.80224e-02     3.72510e+04
    2.63155e+03     1.24774e+00     9.99168e-02     3.89920e+04
    2.63165e+03     1.30832e+00     1.00326e-01     4.08850e+04
    2.63175e+03     1.35488e+00     1.00608e-01     4.23400e+04
    2.63185e+03     1.39219e+00     1.00301e-01     4.35060e+04
    2.63195e+03     1.38739e+00     1.00480e-01     4.33560e+04
    2.63205e+03     1.40230e+00     1.01427e-01     4.38220e+04
    2.63215e+03     1.39200e+00     1.01734e-01     4.35000e+04
    2.63225e+03     1.39370e+00     9.97120e-02     4.35530e+04
    2.63235e+03     1.39904e+00     1.02016e-01     4.37200e+04
    2.63245e+03     1.36125e+00     9.81760e-02     4.25390e+04
    2.63255e+03     1.31706e+00     9.92512e-02     4.11580e+04
    2.63265e+03     1.26803e+00     1.01120e-01     3.96260e+04
    2.63275e+03     1.20845e+00     1.00224e-01     3.77640e+04
    2.63285e+03     1.14906e+00     9.90720e-02     3.59080e+04
    2.63295e+03     1.14128e+00     9.86880e-02     3.56650e+04
    2.63305e+03     1.11808e+00     9.84320e-02     3.49400e+04
    2.63315e+03     1.09133e+00     9.97120e-02     3.41040e+04
    2.63325e+03     1.07450e+00     9.81248e-02     3.35780e+04
    2.63335e+03     1.06493e+00     1.01248e-01     3.32790e+04
    2.63345e+03     1.04976e+00     9.94304e-02     3.28050e+04
    2.63355e+03     1.04499e+00     1.01274e-01     3.26560e+04
    2.63365e+03     1.04515e+00     1.01965e-01     3.26610e+04
    2.63375e+03     1.02422e+00     9.98656e-02     3.20070e+04
    2.63385e+03     1.01990e+00     1.01888e-01     3.18720e+04
    2.63395e+03     1.01779e+00     9.95328e-02     3.18060e+04
    2.63405e+03     1.00675e+00     9.84320e-02     3.14610e+04
    2.63415e+03     1.01002e+00     9.87392e-02     3.15630e+04
    2.63425e+03     1.01491e+00     9.91744e-02     3.17160e+04
    2.63435e+03     1.00733e+00     1.00685e-01     3.14790e+04
    2.63445e+03     9.97632e-01     9.82272e-02     3.11760e+04
    2.63455e+03     1.00323e+00     9.95584e-02     3.13510e+04
    2.63465e+03     9.97632e-01     9.69984e-02     3.11760e+04
    2.63475e+03     1.00368e+00     1.01683e-01     3.13650e+04
    2.63485e+03     1.00509e+00     1.02067e-01     3.14090e+04
    2.63495e+03     1.00096e+00     1.00147e-01     3.12800e+04
    2.63505e+03     1.01184e+00     9.90976e-02     3.16200e+04
    2.63515e+03     9.94368e-01     9.84576e-02     3.10740e+04
    2.63525e+03     9.94880e-01     1.00198e-01     3.10900e+04
    2.63535e+03     9.94400e-01     9.88928e-02     3.10750e+04
    2.63545e+03     9.93472e-01     9.95328e-02     3.10460e+04
    2.63555e+03     1.01075e+00     1.00813e-01     3.15860e+04
    2.63565e+03     1.00262e+00     9.70240e-02     3.13320e+04
    2.63575e+03     1.00451e+00     9.94816e-02     3.13910e+04
    2.63585e+03     9.97856e-01     9.86880e-02     3.11830e+04
    2.63595e+03     9.98016e-01     9.86880e-02     3.11880e+04
    2.63605e+03     9.97792e-01     9.98400e-02     3.11810e+04
    2.63615e+03     1.00256e+00     9.97632e-02     3.13300e+04
    2.63625e+03     9.91904e-01     9.71008e-02     3.09970e+04
    2.63635e+03     1.00179e+00     1.00147e-01     3.13060e+04
    2.63645e+03     9.89312e-01     9.74592e-02     3.09160e+04
    2.63655e+03     1.00186e+00     9.82016e-02     3.13080e+04
    2.63665e+03     1.00701e+00     9.96352e-02     3.14690e+04
    2.63675e+03     1.01014e+00     1.01427e-01     3.15670e+04
    2.63685e+03     9.98240e-01     9.77152e-02     3.11950e+04
    2.63695e+03     9.95648e-01     9.89184e-02     3.11140e+04
