    2.57505e+03     9.91440e-01     9.98400e-02     3.30480e+04
    2.57515e+03     1.00065e+00     1.00752e-01     3.33550e+04
    2.57525e+03     9.90600e-01     1.02048e-01     3.30200e+04
    2.57535e+03     1.00071e+00     1.00176e-01     3.33570e+04
    2.57545e+03     9.97020e-01     1.01352e-01     3.32340e+04
    2.57555e+03     9.98850e-01     9.76560e-02     3.32950e+04
    2.57565e+03     1.00125e+00     1.00344e-01     3.33750e+04
    2.57575e+03     9.88290e-01     9.93600e-02     3.29430e+04
    2.57585e+03     1.00005e+00     1.01328e-01     3.33350e+04
    2.57595e+03     1.00032e+00     1.00848e-01     3.33440e+04
    2.57605e+03     9.96330e-01     1.02528e-01     3.32110e+04
    2.57615e+03     9.96810e-01     9.68880e-02     3.32270e+04
    2.57625e+03     1.00149e+00     1.02600e-01     3.33830e+04
    2.57635e+03     1.00254e+00     1.00176e-01     3.34180e+04
    2.57645e+03     9.93960e-01     9.78240e-02     3.31320e+04
    2.57655e+03     9.95340e-01     1.00080e-01     3.31780e+04
    2.57665e+03     9.98280e-01     1.01808e-01     3.32760e+04
    2.57675e+03     1.00074e+00     1.02264e-01     3.33580e+04
    2.57685e+03     9.94710e-01     1.00008e-01     3.31570e+04
    2.57695e+03     9.98130e-01     9.87120e-02     3.32710e+04
    2.57705e+03     1.00146e+00     1.00344e-01     3.33820e+04
    2.57715e+03     9.98010e-01     9.97920e-02     3.32670e+04
    2.57725e+03     9.86670e-01     9.75360e-02     3.28890e+04
    2.57735e+03     9.85170e-01     9.83040e-02     3.28390e+04
    2.57745e+03     9.99540e-01     1.00800e-01     3.33180e+04
    2.57755e+03     9.97680e-01     9.89520e-02     3.32560e+04
    2.57765e+03     9.94590e-01     1.00056e-01     3.31530e+04
    2.57775e+03     9.93030e-01     1.00776e-01     3.31010e+04
    2.57785e+03     9.75360e-01     9.80400e-02     3.25120e+04
    2.57795e+03     9.68610e-01     9.58800e-02     3.22870e+04
    2.57805e+03     8.54640e-01     8.72400e-02     2.84880e+04
    2.57815e+03     7.16760e-01     7.17600e-02     2.38920e+04
    2.57825e+03     5.89980e-01     5.92560e-02     1.96660e+04
    2.57835e+03     5.50950e-01     5.46720e-02     1.83650e+04
    2.57845e+03     5.41620e-01     5.54880e-02     1.80540e+04
    2.57855e+03     5.47140e-01     5.46240e-02     1.82380e+04
    2.57865e+03     5.47620e-01     5.52720e-02     1.82540e+04
    2.57875e+03     5.55150e-01     5.65920e-02     1.85050e+04
    2.57885e+03     5.67000e-01     5.57280e-02     1.89000e+04
    2.57895e+03     5.66760e-01     5.58240e-02     1.88920e+04
    2.57905e+03     5.78910e-01     5.98320e-02     1.92970e+04
    2.57915e+03     5.82960e-01     5.75280e-02     1.94320e+04
    2.57925e+03     5.79570e-01     5.70720e-02     1.93190e+04
    2.57935e+03     5.82240e-01     5.76480e-02     1.94080e+04
    2.57945e+03     5.96490e-01     5.69040e-02     1.98830e+04
    2.57955e+03     6.01590e-01     6.02880e-02     2.00530e+04
    2.57965e+03     6.02520e-01     6.13680e-02     2.00840e+04
    2.57975e+03     6.05820e-01     5.98320e-02     2.01940e+04
    2.57985e+03     6.15930e-01     5.91360e-02     2.05310e+04
    2.57995e+03     6.25470e-01     6.29760e-02     2.08490e+04
    2.58005e+03     6.28170e-01     6.13920e-02     2.09390e+04
    2.58015e+03     6.33480e-01     6.51840e-02     2.11160e+04
    2.58025e+03     6.32310e-01     6.34560e-02     2.10770e+04
    2.58035e+03     6.40980e-01     6.27120e-02     2.13660e+04
    2.58045e+03     6.50640e-01     6.54960e-02     2.16880e+04
    2.58055e+03     6.54180e-01     6.41280e-02     2.18060e+04
    2.58065e+03     6.55680e-01     6.49440e-02     2.18560e+04
    2.58075e+03     6.61020e-01     6.40800e-02     2.20340e+04
    2.58085e+03     6.68190e-01     6.54240e-02     2.22730e+04
    2.58095e+03     6.67110e-01     6.45600e-02     2.22370e+04
    2.58105e+03     6.72900e-01     6.45360e-02     2.24300e+04
    2.58115e+03     6.80520e-01     6.70800e-02     2.26840e+04
    2.58125e+03     6.87960e-01     6.97200e-02     2.29320e+04
    2.58135e+03     6.93930e-01     6.54720e-02     2.31310e+04
    2.58145e+03     6.99720e-01     6.73440e-02     2.33240e+04
    2.58155e+03     6.98790e-01     6.88320e-02     2.32930e+04
    2.58165e+03     7.01820e-01     6.95520e-02     2.33940e+04
    2.58175e+03     7.15140e-01     7.19040e-02     2.38380e+04
    2.58185e+03     7.22880e-01     7.18320e-02     2.40960e+04
    2.58195e+03     7.24710e-01     7.19280e-02     2.41570e+04
    2.58205e+03     7.25340e-01     6.98160e-02     2.41780e+04
    2.58215e+03     7.41300e-01     7.37520e-02     2.47100e+04
    2.58225e+03     7.39980e-01     7.47840e-02     2.46660e+04
    2.58235e+03     7.57710e-01     7.62480e-02     2.52570e+04
    2.58245e+03     7.49850e-01     7.37040e-02     2.49950e+04
    2.58255e+03     7.52520e-01     7.44960e-02     2.50840e+04
    2.58265e+03     7.55070e-01     7.46160e-02     2.51690e+04
    2.58275e+03     7.76940e-01     7.68000e-02     2.58980e+04
    2.58285e+03     7.75290e-01     7.37040e-02     2.58430e+04
    2.58295e+03     7.85430e-01     7.80240e-02     2.61810e+04
    2.58305e+03     7.90170e-01     7.60560e-02     2.63390e+04
    2.58315e+03     7.99770e-01     7.61760e-02     2.66590e+04
    2.58325e+03     8.05200e-01     8.03760e-02     2.68400e+04
    2.58335e+03     8.18100e-01     7.97520e-02     2.72700e+04
    2.58345e+03     8.10990e-01     7.60800e-02     2.70330e+04
    2.58355e+03     8.26860e-01     8.18160e-02     2.75620e+04
    2.58365e+03     8.34510e-01     7.86000e-02     2.78170e+04
    2.58375e+03     8.30790e-01     8.48160e-02     2.76930e+04
    2.58385e+03     8.56650e-01     8.24880e-02     2.85550e+04
    2.58395e+03     8.48040e-01     7.97760e-02     2.82680e+04
    2.58405e+03     8.64690e-01     8.15280e-02     2.88230e+04
    2.58415e+03     8.66070e-01     8.34480e-02     2.88690e+04
    2.58425e+03     8.70960e-01     8.28720e-02     2.90320e+04
    2.58435e+03     8.82960e-01     8.53680e-02     2.94320e+04
    2.58445e+03     8.88750e-01     8.50080e-02     2.96250e+04
    2.58455e+03     8.98380e-01     8.48160e-02     2.99460e+04
    2.58465e+03     9.04050e-01     8.85840e-02     3.01350e+04
    2.58475e+03     9.24900e-01     8.77920e-02     3.08300e+04
    2.58485e+03     9.25500e-01     8.86080e-02     3.08500e+04
    2.58495e+03     9.33270e-01     8.67600e-02     3.11090e+04
    2.58505e+03     9.55530e-01     9.05040e-02     3.18510e+04
    2.58515e+03     9.54720e-01     8.89920e-02     3.18240e+04
    2.58525e+03     9.61650e-01     9.01680e-02     3.20550e+04
    2.58535e+03     9.75960e-01     8.83920e-02     3.25320e+04
    2.58545e+03     9.74040e-01     8.84880e-02     3.24680e+04
    2.58555e+03     9.85050e-01     8.98800e-02     3.28350e+04
    2.58565e+03     9.99090e-01     9.53040e-02     3.33030e+04
    2.58575e+03     9.93330e-01     9.08880e-02     3.31110e+04
    2.58585e+03     1.00716e+00     9.48720e-02     3.35720e+04
    2.58595e+03     1.01868e+00     9.42240e-02     3.39560e+04
    2.58605e+03     1.03596e+00     9.35760e-02     3.45320e+04
    2.58615e+03     1.04508e+00     9.49440e-02     3.48360e+04
    2.58625e+03     1.06377e+00     1.00152e-01     3.54590e+04
    2.58635e+03     1.07466e+00     9.96480e-02     3.58220e+04
    2.58645e+03     1.07343e+00     1.01112e-01     3.57810e+04
    2.58655e+03     1.07103e+00     1.00632e-01     3.57010e+04
    2.58665e+03     1.07874e+00     9.91920e-02     3.59580e+04
    2.58675e+03     1.08054e+00     9.91440e-02     3.60180e+04
    2.58685e+03     1.06965e+00     9.72480e-02     3.56550e+04
    2.58695e+03     1.07382e+00     1.00176e-01     3.57940e+04
    2.58705e+03     1.07454e+00     1.01304e-01     3.58180e+04
    2.58715e+03     1.08282e+00     1.01328e-01     3.60940e+04
    2.58725e+03     1.07652e+00     9.93120e-02     3.58840e+04
    2.58735e+03     1.06974e+00     1.00200e-01     3.56580e+04
    2.58745e+03     1.06872e+00     1.00800e-01     3.56240e+04
    2.58755e+03     1.06497e+00     9.94560e-02     3.54990e+04
    2.58765e+03     1.06278e+00     9.95760e-02     3.54260e+04
    2.58775e+03     1.06527e+00     1.02624e-01     3.55090e+04
    2.58785e+03     1.06347e+00     1.00416e-01     3.54490e+04
    2.58795e+03     1.06125e+00     9.96960e-02     3.53750e+04
    2.58805e+03     1.07034e+00     9.90240e-02     3.56780e+04
    2.58815e+03     1.05987e+00     1.00272e-01     3.53290e+04
    2.58825e+03     1.06236e+00     9.72480e-02     3.54120e+04
    2.58835e+03     1.05834e+00     1.02360e-01     3.52780e+04
    2.58845e+03     1.05594e+00     9.99840e-02     3.51980e+04
    2.58855e+03     1.05267e+00     9.90720e-02     3.50890e+04
    2.58865e+03     1.05198e+00     9.81840e-02     3.50660e+04
    2.58875e+03     1.04586e+00     1.00656e-01     3.48620e+04
    2.58885e+03     1.04661e+00     1.00680e-01     3.48870e+04
    2.58895e+03     1.04250e+00     1.01904e-01     3.47500e+04
    2.58905e+03     1.04133e+00     9.91440e-02     3.47110e+04
    2.58915e+03     1.04340e+00     9.86400e-02     3.47800e+04
    2.58925e+03     1.04337e+00     1.01736e-01     3.47790e+04
    2.58935e+03     1.03737e+00     9.90000e-02     3.45790e+04
    2.58945e+03     1.03932e+00     1.00728e-01     3.46440e+04
    2.58955e+03     1.03449e+00     9.93600e-02     3.44830e+04
    2.58965e+03     1.03791e+00     9.94080e-02     3.45970e+04
    2.58975e+03     1.04268e+00     9.89280e-02     3.47560e+04
    2.58985e+03     1.02660e+00     1.00440e-01     3.42200e+04
    2.58995e+03     1.02333e+00     9.91920e-02     3.41110e+04
    2.59005e+03     1.03485e+00     1.03416e-01     3.44950e+04
    2.59015e+03     1.02444e+00     9.80880e-02     3.41480e+04
    2.59025e+03     1.01955e+00     9.81840e-02     3.39850e+04
    2.59035e+03     1.03143e+00     1.01616e-01     3.43810e+04
    2.59045e+03     1.02789e+00     1.02312e-01     3.42630e+04
    2.59055e+03     1.02141e+00     9.85200e-02     3.40470e+04
    2.59065e+03     1.01199e+00     9.86160e-02     3.37330e+04
    2.59075e+03     1.01496e+00     9.89040e-02     3.38320e+04
    2.59085e+03     1.00518e+00     9.96960e-02     3.35060e+04
    2.59095e+03     1.01349e+00     1.00248e-01     3.37830e+04
    2.59105e+03     1.01544e+00     1.01544e-01     3.38480e+04
    2.59115e+03     1.00107e+00     9.96240e-02     3.33690e+04
    2.59125e+03     9.84420e-01     9.46080e-02     3.28140e+04
    2.59135e+03     9.71460e-01     9.56880e-02     3.23820e+04
    2.59145e+03     8.53080e-01     8.12400e-02     2.84360e+04
    2.59155e+03     5.76750e-01     5.53920e-02     1.92250e+04
    2.59165e+03     3.02490e-01     2.77440e-02     1.00830e+04
    2.59175e+03     1.74930e-01     1.35840e-02     5.83100e+03
    2.59185e+03     1.57410e-01     1.21440e-02     5.24700e+03
    2.59195e+03     1.54860e-01     1.16640e-02     5.16200e+03
    2.59205e+03     1.58550e-01     1.23840e-02     5.28500e+03
    2.59215e+03     1.60380e-01     1.20000e-02     5.34600e+03
    2.59225e+03     1.74000e-01     1.35120e-02     5.80000e+03
    2.59235e+03     1.79010e-01     1.28880e-02     5.96700e+03
    2.59245e+03     1.85880e-01     1.30560e-02     6.19600e+03
    2.59255e+03     1.91250e-01     1.39920e-02     6.37500e+03
    2.59265e+03     1.97070e-01     1.41120e-02     6.56900e+03
    2.59275e+03     2.02020e-01     1.50000e-02     6.73400e+03
    2.59285e+03     2.01300e-01     1.47840e-02     6.71000e+03
    2.59295e+03     2.16390e-01     1.61040e-02     7.21300e+03
    2.59305e+03     2.20320e-01     1.67040e-02     7.34400e+03
    2.59315e+03     2.20800e-01     1.75920e-02     7.36000e+03
    2.59325e+03     2.27790e-01     1.54080e-02     7.59300e+03
    2.59335e+03     2.33790e-01     1.67520e-02     7.79300e+03
    2.59345e+03     2.35980e-01     1.71120e-02     7.86600e+03
    2.59355e+03     2.40810e-01     1.76160e-02     8.02700e+03
    2.59365e+03     2.52120e-01     2.02560e-02     8.40400e+03
    2.59375e+03     2.56470e-01     1.89360e-02     8.54900e+03
    2.59385e+03     2.64480e-01     1.93440e-02     8.81600e+03
    2.59395e+03     2.67090e-01     2.01840e-02     8.90300e+03
    2.59405e+03     2.74530e-01     2.05200e-02     9.15100e+03
    2.59415e+03     2.71500e-01     2.16480e-02     9.05000e+03
    2.59425e+03     2.90160e-01     2.23680e-02     9.67200e+03
    2.59435e+03     2.94000e-01     2.24400e-02     9.80000e+03
    2.59445e+03     2.91870e-01     2.48400e-02     9.72900e+03
    2.59455e+03     3.05490e-01     2.33520e-02     1.01830e+04
    2.59465e+03     3.16140e-01     2.38800e-02     1.05380e+04
    2.59475e+03     3.19800e-01     2.49360e-02     1.06600e+04
    2.59485e+03     3.17400e-01     2.51280e-02     1.05800e+04
    2.59495e+03     3.34650e-01     2.47200e-02     1.11550e+04
    2.59505e+03     3.40800e-01     2.66640e-02     1.13600e+04
    2.59515e+03     3.44280e-01     2.70720e-02     1.14760e+04
    2.59525e+03     3.57240e-01     2.81520e-02     1.19080e+04
    2.59535e+03     3.58320e-01     2.95440e-02     1.19440e+04
    2.59545e+03     3.75030e-01     3.04800e-02     1.25010e+04
    2.59555e+03     3.75420e-01     3.10560e-02     1.25140e+04
    2.59565e+03     3.84930e-01     3.10560e-02     1.28310e+04
    2.59575e+03     3.96750e-01     3.14640e-02     1.32250e+04
    2.59585e+03     4.08510e-01     3.37920e-02     1.36170e+04
    2.59595e+03     4.12440e-01     3.22320e-02     1.37480e+04
    2.59605e+03     4.27500e-01     3.52560e-02     1.42500e+04
    2.59615e+03     4.41960e-01     3.55440e-02     1.47320e+04
    2.59625e+03     4.52220e-01     3.81840e-02     1.50740e+04
    2.59635e+03     4.67310e-01     3.86880e-02     1.55770e+04
    2.59645e+03     4.72980e-01     3.79200e-02     1.57660e+04
    2.59655e+03     4.88850e-01     4.10160e-02     1.62950e+04
    2.59665e+03     5.06190e-01     4.14960e-02     1.68730e+04
    2.59675e+03     5.19720e-01     4.27680e-02     1.73240e+04
    2.59685e+03     5.33130e-01     4.33920e-02     1.77710e+04
    2.59695e+03     5.51070e-01     4.63680e-02     1.83690e+04
    2.59705e+03     5.57760e-01     4.36800e-02     1.85920e+04
    2.59715e+03     5.83410e-01     4.82640e-02     1.94470e+04
    2.59725e+03     5.96850e-01     4.69200e-02     1.98950e+04
    2.59735e+03     6.18870e-01     4.86480e-02     2.06290e+04
    2.59745e+03     6.38250e-01     5.06160e-02     2.12750e+04
    2.59755e+03     6.64560e-01     5.10240e-02     2.21520e+04
    2.59765e+03     6.82920e-01     5.17440e-02     2.27640e+04
    2.59775e+03     7.04490e-01     5.16480e-02     2.34830e+04
    2.59785e+03     7.28550e-01     5.42160e-02     2.42850e+04
    2.59795e+03     7.69920e-01     5.75280e-02     2.56640e+04
    2.59805e+03     7.88340e-01     5.93280e-02     2.62780e+04
    2.59815e+03     8.22300e-01     5.92800e-02     2.74100e+04
    2.59825e+03     8.59530e-01     5.97840e-02     2.86510e+04
    2.59835e+03     8.91510e-01     6.34800e-02     2.97170e+04
    2.59845e+03     9.36240e-01     6.37680e-02     3.12080e+04
    2.59855e+03     9.64230e-01     6.74160e-02     3.21410e+04
    2.59865e+03     1.00506e+00     6.92160e-02     3.35020e+04
    2.59875e+03     1.04817e+00     7.24320e-02     3.49390e+04
    2.59885e+03     1.09266e+00     7.36800e-02     3.64220e+04
    2.59895e+03     1.13187e+00     7.38240e-02     3.77290e+04
    2.59905e+03     1.19184e+00     7.81920e-02     3.97280e+04
    2.59915e+03     1.24494e+00     7.64880e-02     4.14980e+04
    2.59925e+03     1.29003e+00     7.85520e-02     4.30010e+04
    2.59935e+03     1.33245e+00     7.98000e-02     4.44150e+04
    2.59945e+03     1.39653e+00     8.34240e-02     4.65510e+04
    2.59955e+03     1.46646e+00     8.45760e-02     4.88820e+04
    2.59965e+03     1.54005e+00     8.62800e-02     5.13350e+04
    2.59975e+03     1.65585e+00     9.36000e-02     5.51950e+04
    2.59985e+03     1.74510e+00     9.85200e-02     5.81700e+04
    2.59995e+03     1.77252e+00     9.72960e-02     5.90840e+04
    2.60005e+03     1.81278e+00     9.97920e-02     6.04260e+04
    2.60015e+03     1.86408e+00     9.92400e-02     6.21360e+04
    2.60025e+03     1.83339e+00     1.02264e-01     6.11130e+04
    2.60035e+03     1.78833e+00     9.98640e-02     5.96110e+04
    2.60045e+03     1.77093e+00     9.74640e-02     5.90310e+04
    2.60055e+03     1.76256e+00     1.00128e-01     5.87520e+04
    2.60065e+03     1.74636e+00     1.00848e-01     5.82120e+04
    2.60075e+03     1.72035e+00     1.01736e-01     5.73450e+04
    2.60085e+03     1.68855e+00     1.01616e-01     5.62850e+04
    2.60095e+03     1.65957e+00     9.91680e-02     5.53190e+04
    2.60105e+03     1.64034e+00     9.99600e-02     5.46780e+04
    2.60115e+03     1.61052e+00     1.00128e-01     5.36840e+04
    2.60125e+03     1.58358e+00     9.86640e-02     5.27860e+04
    2.60135e+03     1.56270e+00     1.01448e-01     5.20900e+04
    2.60145e+03     1.52199e+00     1.00776e-01     5.07330e+04
    2.60155e+03     1.50570e+00     1.01472e-01     5.01900e+04
    2.60165e+03     1.48077e+00     1.00392e-01     4.93590e+04
    2.60175e+03     1.45044e+00     9.96960e-02     4.83480e+04
    2.60185e+03     1.43019e+00     1.01280e-01     4.76730e+04
    2.60195e+03     1.40187e+00     9.73200e-02     4.67290e+04
    2.60205e+03     1.38543e+00     1.02192e-01     4.61810e+04
    2.60215e+03     1.35420e+00     9.99600e-02     4.51400e+04
    2.60225e+03     1.33278e+00     9.63840e-02     4.44260e+04
    2.60235e+03     1.31925e+00     9.93600e-02     4.39750e+04
    2.60245e+03     1.31235e+00     1.01328e-01     4.37450e+04
    2.60255e+03     1.28667e+00     1.02960e-01     4.28890e+04
    2.60265e+03     1.28781e+00     1.00608e-01     4.29270e+04
    2.60275e+03     1.27086e+00     1.00944e-01     4.23620e+04
    2.60285e+03     1.23639e+00     9.70560e-02     4.12130e+04
    2.60295e+03     1.23447e+00     9.90720e-02     4.11490e+04
    2.60305e+03     1.22796e+00     1.01904e-01     4.09320e+04
    2.60315e+03     1.20639e+00     9.96480e-02     4.02130e+04
    2.60325e+03     1.19394e+00     9.86160e-02     3.97980e+04
    2.60335e+03     1.18830e+00     1.00800e-01     3.96100e+04
    2.60345e+03     1.18344e+00     1.01712e-01     3.94480e+04
    2.60355e+03     1.16898e+00     9.60960e-02     3.89660e+04
    2.60365e+03     1.16445e+00     1.00464e-01     3.88150e+04
    2.60375e+03     1.14438e+00     9.99360e-02     3.81460e+04
    2.60385e+03     1.15734e+00     9.96720e-02     3.85780e+04
    2.60395e+03     1.14072e+00     1.00128e-01     3.80240e+04
    2.60405e+03     1.14219e+00     1.00656e-01     3.80730e+04
    2.60415e+03     1.12650e+00     9.84240e-02     3.75500e+04
    2.60425e+03     1.13388e+00     9.82320e-02     3.77960e+04
    2.60435e+03     1.11258e+00     9.85200e-02     3.70860e+04
    2.60445e+03     1.11549e+00     1.00560e-01     3.71830e+04
    2.60455e+03     1.10850e+00     9.84480e-02     3.69500e+04
    2.60465e+03     1.12521e+00     1.00728e-01     3.75070e+04
    2.60475e+03     1.11816e+00     1.01232e-01     3.72720e+04
    2.60485e+03     1.11909e+00     9.83760e-02     3.73030e+04
    2.60495e+03     1.11459e+00     9.99360e-02     3.71530e+04
    2.60505e+03     1.11591e+00     9.82080e-02     3.71970e+04
    2.60515e+03     1.11243e+00     9.96720e-02     3.70810e+04
    2.60525e+03     1.10784e+00     9.77760e-02     3.69280e+04
    2.60535e+03     1.11201e+00     9.85440e-02     3.70670e+04
    2.60545e+03     1.12272e+00     1.03872e-01     3.74240e+04
    2.60555e+03     1.11774e+00     9.75600e-02     3.72580e+04
    2.60565e+03     1.11894e+00     9.77280e-02     3.72980e+04
    2.60575e+03     1.11849e+00     1.01448e-01     3.72830e+04
    2.60585e+03     1.11474e+00     9.85440e-02     3.71580e+04
    2.60595e+03     1.12443e+00     1.01112e-01     3.74810e+04
    2.60605e+03     1.12710e+00     1.02480e-01     3.75700e+04
    2.60615e+03     1.12149e+00     9.95520e-02     3.73830e+04
    2.60625e+03     1.11699e+00     1.00056e-01     3.72330e+04
    2.60635e+03     1.11885e+00     1.00104e-01     3.72950e+04
    2.60645e+03     1.12140e+00     1.02336e-01     3.73800e+04
    2.60655e+03     1.11996e+00     1.02096e-01     3.73320e+04
    2.60665e+03     1.12602e+00     9.90720e-02     3.75340e+04
    2.60675e+03     1.12071e+00     9.84480e-02     3.73570e+04
    2.60685e+03     1.11954e+00     9.91920e-02     3.73180e+04
    2.60695e+03     1.11435e+00     9.73920e-02     3.71450e+04
    2.60705e+03     1.11570e+00     9.84480e-02     3.71900e+04
    2.60715e+03     1.11687e+00     1.03080e-01     3.72290e+04
    2.60725e+03     1.12722e+00     1.02528e-01     3.75740e+04
    2.60735e+03     1.11411e+00     9.92880e-02     3.71370e+04
    2.60745e+03     1.10079e+00     9.74160e-02     3.66930e+04
    2.60755e+03     1.10883e+00     1.00536e-01     3.69610e+04
    2.60765e+03     1.11729e+00     1.00536e-01     3.72430e+04
    2.60775e+03     1.10439e+00     9.78960e-02     3.68130e+04
    2.60785e+03     1.10361e+00     9.78720e-02     3.67870e+04
    2.60795e+03     1.10433e+00     1.00248e-01     3.68110e+04
    2.60805e+03     1.10685e+00     1.00968e-01     3.68950e+04
    2.60815e+03     1.09749e+00     9.90480e-02     3.65830e+04
    2.60825e+03     1.09944e+00     9.80400e-02     3.66480e+04
    2.60835e+03     1.09749e+00     1.01520e-01     3.65830e+04
    2.60845e+03     1.09476e+00     1.01664e-01     3.64920e+04
    2.60855e+03     1.08456e+00     9.91680e-02     3.61520e+04
    2.60865e+03     1.08555e+00     1.00536e-01     3.61850e+04
    2.60875e+03     1.06950e+00     9.92160e-02     3.56500e+04
    2.60885e+03     1.08429e+00     1.00224e-01     3.61430e+04
    2.60895e+03     1.07271e+00     9.97440e-02     3.57570e+04
    2.60905e+03     1.07406e+00     9.88560e-02     3.58020e+04
    2.60915e+03     1.08060e+00     9.78240e-02     3.60200e+04
    2.60925e+03     1.07241e+00     1.00536e-01     3.57470e+04
    2.60935e+03     1.08735e+00     1.00152e-01     3.62450e+04
    2.60945e+03     1.07763e+00     9.90960e-02     3.59210e+04
    2.60955e+03     1.08456e+00     1.03512e-01     3.61520e+04
    2.60965e+03     1.08678e+00     1.04424e-01     3.62260e+04
    2.60975e+03     1.08354e+00     9.79680e-02     3.61180e+04
    2.60985e+03     1.09344e+00     9.90480e-02     3.64480e+04
    2.60995e+03     1.08732e+00     9.96240e-02     3.62440e+04
    2.61005e+03     1.10139e+00     1.02144e-01     3.67130e+04
    2.61015e+03     1.07967e+00     9.57600e-02     3.59890e+04
    2.61025e+03     1.09380e+00     9.85440e-02     3.64600e+04
    2.61035e+03     1.10043e+00     9.85920e-02     3.66810e+04
    2.61045e+03     1.10136e+00     9.83040e-02     3.67120e+04
    2.61055e+03     1.09809e+00     9.72000e-02     3.66030e+04
    2.61065e+03     1.10133e+00     1.00656e-01     3.67110e+04
    2.61075e+03     1.11057e+00     9.89040e-02     3.70190e+04
    2.61085e+03     1.11384e+00     9.93600e-02     3.71280e+04
    2.61095e+03     1.10904e+00     1.00344e-01     3.69680e+04
    2.61105e+03     1.10313e+00     9.83280e-02     3.67710e+04
    2.61115e+03     1.11045e+00     9.83760e-02     3.70150e+04
    2.61125e+03     1.10973e+00     1.01760e-01     3.69910e+04
    2.61135e+03     1.11849e+00     1.03464e-01     3.72830e+04
    2.61145e+03     1.11192e+00     9.65520e-02     3.70640e+04
    2.61155e+03     1.11438e+00     9.89520e-02     3.71460e+04
    2.61165e+03     1.12092e+00     1.00296e-01     3.73640e+04
    2.61175e+03     1.12110e+00     1.00488e-01     3.73700e+04
    2.61185e+03     1.12038e+00     9.70560e-02     3.73460e+04
    2.61195e+03     1.13022e+00     9.95280e-02     3.76740e+04
    2.61205e+03     1.12593e+00     1.00224e-01     3.75310e+04
    2.61215e+03     1.12257e+00     9.77280e-02     3.74190e+04
    2.61225e+03     1.11690e+00     9.86400e-02     3.72300e+04
    2.61235e+03     1.12134e+00     1.00320e-01     3.73780e+04
    2.61245e+03     1.12839e+00     9.90240e-02     3.76130e+04
    2.61255e+03     1.13535e+00     9.80400e-02     3.78450e+04
    2.61265e+03     1.12410e+00     9.99600e-02     3.74700e+04
    2.61275e+03     1.12233e+00     9.85680e-02     3.74110e+04
    2.61285e+03     1.12893e+00     9.89760e-02     3.76310e+04
    2.61295e+03     1.12770e+00     1.01160e-01     3.75900e+04
    2.61305e+03     1.12905e+00     9.83280e-02     3.76350e+04
    2.61315e+03     1.12512e+00     1.01136e-01     3.75040e+04
    2.61325e+03     1.12191e+00     9.73920e-02     3.73970e+04
    2.61335e+03     1.13289e+00     1.00320e-01     3.77630e+04
    2.61345e+03     1.11861e+00     9.82800e-02     3.72870e+04
    2.61355e+03     1.11576e+00     9.86400e-02     3.71920e+04
    2.61365e+03     1.11447e+00     9.84720e-02     3.71490e+04
    2.61375e+03     1.11930e+00     9.96240e-02     3.73100e+04
    2.61385e+03     1.12437e+00     1.02648e-01     3.74790e+04
    2.61395e+03     1.11681e+00     1.01664e-01     3.72270e+04
    2.61405e+03     1.10226e+00     1.00632e-01     3.67420e+04
    2.61415e+03     1.11585e+00     9.81360e-02     3.71950e+04
    2.61425e+03     1.11393e+00     9.98160e-02     3.71310e+04
    2.61435e+03     1.09977e+00     9.95760e-02     3.66590e+04
    2.61445e+03     1.10484e+00     9.81120e-02     3.68280e+04
    2.61455e+03     1.10679e+00     9.85440e-02     3.68930e+04
    2.61465e+03     1.09869e+00     1.01160e-01     3.66230e+04
    2.61475e+03     1.11393e+00     1.00584e-01     3.71310e+04
    2.61485e+03     1.07934e+00     9.71520e-02     3.59780e+04
    2.61495e+03     1.10067e+00     1.02240e-01     3.66890e+04
    2.61505e+03     1.09212e+00     9.84480e-02     3.64040e+04
    2.61515e+03     1.09551e+00     9.98400e-02     3.65170e+04
    2.61525e+03     1.08660e+00     1.00944e-01     3.62200e+04
    2.61535e+03     1.07994e+00     1.00416e-01     3.59980e+04
    2.61545e+03     1.08000e+00     1.00200e-01     3.60000e+04
    2.61555e+03     1.08822e+00     9.99360e-02     3.62740e+04
    2.61565e+03     1.08006e+00     1.00152e-01     3.60020e+04
    2.61575e+03     1.07199e+00     9.92880e-02     3.57330e+04
    2.61585e+03     1.08006e+00     9.96000e-02     3.60020e+04
    2.61595e+03     1.08381e+00     9.98160e-02     3.61270e+04
    2.61605e+03     1.07772e+00     9.79200e-02     3.59240e+04
    2.61615e+03     1.07688e+00     1.00344e-01     3.58960e+04
    2.61625e+03     1.07751e+00     9.83280e-02     3.59170e+04
    2.61635e+03     1.08033e+00     9.73200e-02     3.60110e+04
    2.61645e+03     1.06317e+00     1.00152e-01     3.54390e+04
    2.61655e+03     1.06443e+00     1.00224e-01     3.54810e+04
    2.61665e+03     1.06593e+00     9.94800e-02     3.55310e+04
    2.61675e+03     1.06737e+00     9.96240e-02     3.55790e+04
    2.61685e+03     1.06260e+00     1.00080e-01     3.54200e+04
    2.61695e+03     1.06116e+00     9.83760e-02     3.53720e+04
    2.61705e+03     1.05654e+00     1.00248e-01     3.52180e+04
    2.61715e+03     1.06602e+00     1.00848e-01     3.55340e+04
    2.61725e+03     1.05822e+00     9.83040e-02     3.52740e+04
    2.61735e+03     1.05972e+00     9.71040e-02     3.53240e+04
    2.61745e+03     1.05204e+00     9.96480e-02     3.50680e+04
    2.61755e+03     1.05408e+00     1.00008e-01     3.51360e+04
    2.61765e+03     1.05462e+00     1.00104e-01     3.51540e+04
    2.61775e+03     1.04868e+00     1.00584e-01     3.49560e+04
    2.61785e+03     1.05867e+00     9.84000e-02     3.52890e+04
    2.61795e+03     1.05975e+00     1.02576e-01     3.53250e+04
    2.61805e+03     1.05483e+00     9.83520e-02     3.51610e+04
    2.61815e+03     1.05465e+00     9.84000e-02     3.51550e+04
    2.61825e+03     1.05528e+00     9.96960e-02     3.51760e+04
    2.61835e+03     1.05813e+00     9.86640e-02     3.52710e+04
    2.61845e+03     1.06332e+00     9.96480e-02     3.54440e+04
    2.61855e+03     1.06413e+00     1.02576e-01     3.54710e+04
    2.61865e+03     1.06404e+00     1.00464e-01     3.54680e+04
    2.61875e+03     1.05765e+00     9.88320e-02     3.52550e+04
    2.61885e+03     1.06488e+00     1.02672e-01     3.54960e+04
    2.61895e+03     1.06329e+00     1.01616e-01     3.54430e+04
    2.61905e+03     1.06683e+00     1.01592e-01     3.55610e+04
    2.61915e+03     1.06164e+00     1.00776e-01     3.53880e+04
    2.61925e+03     1.06077e+00     1.00848e-01     3.53590e+04
    2.61935e+03     1.05786e+00     9.76320e-02     3.52620e+04
    2.61945e+03     1.06635e+00     1.03032e-01     3.55450e+04
    2.61955e+03     1.06209e+00     9.83760e-02     3.54030e+04
    2.61965e+03     1.08456e+00     1.01256e-01     3.61520e+04
    2.61975e+03     1.06488e+00     1.00992e-01     3.54960e+04
    2.61985e+03     1.06896e+00     1.00824e-01     3.56320e+04
    2.61995e+03     1.06638e+00     1.01592e-01     3.55460e+04
    2.62005e+03     1.07187e+00     1.01496e-01     3.57290e+04
    2.62015e+03     1.07094e+00     9.84960e-02     3.56980e+04
    2.62025e+03     1.06959e+00     1.01832e-01     3.56530e+04
    2.62035e+03     1.07145e+00     1.00968e-01     3.57150e+04
    2.62045e+03     1.07496e+00     9.84000e-02     3.58320e+04
    2.62055e+03     1.05660e+00     9.86400e-02     3.52200e+04
    2.62065e+03     1.07253e+00     1.04112e-01     3.57510e+04
    2.62075e+03     1.07748e+00     9.78480e-02     3.59160e+04
    2.62085e+03     1.07652e+00     9.85200e-02     3.58840e+04
    2.62095e+03     1.07883e+00     1.00776e-01     3.59610e+04
    2.62105e+03     1.08249e+00     9.90000e-02     3.60830e+04
    2.62115e+03     1.07544e+00     1.00056e-01     3.58480e+04
    2.62125e+03     1.07868e+00     1.00320e-01     3.59560e+04
    2.62135e+03     1.07373e+00     9.92160e-02     3.57910e+04
    2.62145e+03     1.08189e+00     9.94080e-02     3.60630e+04
    2.62155e+03     1.08231e+00     1.00272e-01     3.60770e+04
    2.62165e+03     1.06974e+00     9.89280e-02     3.56580e+04
    2.62175e+03     1.09227e+00     1.00344e-01     3.64090e+04
    2.62185e+03     1.08348e+00     1.00536e-01     3.61160e+04
    2.62195e+03     1.09509e+00     9.97200e-02     3.65030e+04
    2.62205e+03     1.07874e+00     9.86400e-02     3.59580e+04
    2.62215e+03     1.08993e+00     9.79440e-02     3.63310e+04
    2.62225e+03     1.08411e+00     1.00080e-01     3.61370e+04
    2.62235e+03     1.09869e+00     9.94560e-02     3.66230e+04
    2.62245e+03     1.09029e+00     9.88800e-02     3.63430e+04
    2.62255e+03     1.10103e+00     1.02096e-01     3.67010e+04
    2.62265e+03     1.10349e+00     1.00104e-01     3.67830e+04
    2.62275e+03     1.10490e+00     1.00608e-01     3.68300e+04
    2.62285e+03     1.09644e+00     9.74880e-02     3.65480e+04
    2.62295e+03     1.11837e+00     1.03296e-01     3.72790e+04
    2.62305e+03     1.11333e+00     9.90240e-02     3.71110e+04
    2.62315e+03     1.12290e+00     1.01448e-01     3.74300e+04
    2.62325e+03     1.10901e+00     9.59280e-02     3.69670e+04
    2.62335e+03     1.12398e+00     1.00344e-01     3.74660e+04
    2.62345e+03     1.12818e+00     1.01952e-01     3.76060e+04
    2.62355e+03     1.12347e+00     1.03056e-01     3.74490e+04
    2.62365e+03     1.12704e+00     9.80400e-02     3.75680e+04
    2.62375e+03     1.12605e+00     9.85200e-02     3.75350e+04
    2.62385e+03     1.12506e+00     9.78480e-02     3.75020e+04
    2.62395e+03     1.13229e+00     1.00296e-01     3.77430e+04
    2.62405e+03     1.13748e+00     9.97440e-02     3.79160e+04
    2.62415e+03     1.14480e+00     9.93600e-02     3.81600e+04
    2.62425e+03     1.14840e+00     1.01856e-01     3.82800e+04
    2.62435e+03     1.16256e+00     1.01328e-01     3.87520e+04
    2.62445e+03     1.15554e+00     1.00512e-01     3.85180e+04
    2.62455e+03     1.14639e+00     9.81360e-02     3.82130e+04
    2.62465e+03     1.16154e+00     9.84240e-02     3.87180e+04
    2.62475e+03     1.15536e+00     9.82080e-02     3.85120e+04
    2.62485e+03     1.17351e+00     1.02576e-01     3.91170e+04
    2.62495e+03     1.17909e+00     9.96720e-02     3.93030e+04
    2.62505e+03     1.17102e+00     1.01040e-01     3.90340e+04
    2.62515e+03     1.17471e+00     9.86880e-02     3.91570e+04
    2.62525e+03     1.18572e+00     1.01376e-01     3.95240e+04
    2.62535e+03     1.19925e+00     1.02960e-01     3.99750e+04
    2.62545e+03     1.18314e+00     1.00128e-01     3.94380e+04
    2.62555e+03     1.18893e+00     9.92400e-02     3.96310e+04
    2.62565e+03     1.19928e+00     1.02864e-01     3.99760e+04
    2.62575e+03     1.19523e+00     1.02576e-01     3.98410e+04
    2.62585e+03     1.20000e+00     9.96960e-02     4.00000e+04
    2.62595e+03     1.20435e+00     1.00368e-01     4.01450e+04
    2.62605e+03     1.21191e+00     1.00056e-01     4.03970e+04
    2.62615e+03     1.19112e+00     9.93840e-02     3.97040e+04
    2.62625e+03     1.21857e+00     1.02504e-01     4.06190e+04
    2.62635e+03     1.20804e+00     9.94560e-02     4.02680e+04
    2.62645e+03     1.22859e+00     1.01112e-01     4.09530e+04
    2.62655e+03     1.21590e+00     1.01160e-01     4.05300e+04
    2.62665e+03     1.20984e+00     1.00032e-01     4.03280e+04
    2.62675e+03     1.20876e+00     1.01952e-01     4.02920e+04
    2.62685e+03     1.21230e+00     9.96960e-02     4.04100e+04
    2.62695e+03     1.20387e+00     9.69840e-02     4.01290e+04
    2.62705e+03     1.21005e+00     9.80160e-02     4.03350e+04
    2.62715e+03     1.20522e+00     1.00488e-01     4.01740e+04
    2.62725e+03     1.20294e+00     1.01544e-01     4.00980e+04
    2.62735e+03     1.18926e+00     1.01448e-01     3.96420e+04
    2.62745e+03     1.20330e+00     1.00512e-01     4.01100e+04
    2.62755e+03     1.20249e+00     1.00560e-01     4.00830e+04
    2.62765e+03     1.19289e+00     9.80400e-02     3.97630e+04
    2.62775e+03     1.20129e+00     1.01784e-01     4.00430e+04
    2.62785e+03     1.18968e+00     1.01064e-01     3.96560e+04
    2.62795e+03     1.18866e+00     1.01016e-01     3.96220e+04
    2.62805e+03     1.19172e+00     9.93840e-02     3.97240e+04
    2.62815e+03     1.17873e+00     9.93600e-02     3.92910e+04
    2.62825e+03     1.18398e+00     9.98400e-02     3.94660e+04
    2.62835e+03     1.17891e+00     9.89520e-02     3.92970e+04
    2.62845e+03     1.17585e+00     9.90240e-02     3.91950e+04
    2.62855e+03     1.17510e+00     1.01040e-01     3.91700e+04
    2.62865e+03     1.17159e+00     9.77760e-02     3.90530e+04
    2.62875e+03     1.16931e+00     9.87840e-02     3.89770e+04
    2.62885e+03     1.17597e+00     9.98160e-02     3.91990e+04
    2.62895e+03     1.17954e+00     1.01472e-01     3.93180e+04
    2.62905e+03     1.17516e+00     9.84000e-02     3.91720e+04
    2.62915e+03     1.16625e+00     1.02504e-01     3.88750e+04
    2.62925e+03     1.17528e+00     1.02744e-01     3.91760e+04
    2.62935e+03     1.17279e+00     1.02144e-01     3.90930e+04
    2.62945e+03     1.15746e+00     9.85680e-02     3.85820e+04
    2.62955e+03     1.16031e+00     9.95040e-02     3.86770e+04
    2.62965e+03     1.16361e+00     1.00224e-01     3.87870e+04
    2.62975e+03     1.15590e+00     1.00488e-01     3.85300e+04
    2.62985e+03     1.15926e+00     1.00848e-01     3.86420e+04
    2.62995e+03     1.16556e+00     1.00296e-01     3.88520e+04
    2.63005e+03     1.17318e+00     1.01448e-01     3.91060e+04
    2.63015e+03     1.15710e+00     9.77760e-02     3.85700e+04
    2.63025e+03     1.15389e+00     9.93360e-02     3.84630e+04
    2.63035e+03     1.14024e+00     9.74400e-02     3.80080e+04
    2.63045e+03     1.15347e+00     9.90960e-02     3.84490e+04
    2.63055e+03     1.15227e+00     1.00152e-01     3.84090e+04
    2.63065e+03     1.15734e+00     1.03728e-01     3.85780e+04
    2.63075e+03     1.15035e+00     9.83280e-02     3.83450e+04
    2.63085e+03     1.15347e+00     9.87120e-02     3.84490e+04
    2.63095e+03     1.15263e+00     1.02648e-01     3.84210e+04
    2.63105e+03     1.14531e+00     9.85680e-02     3.81770e+04
    2.63115e+03     1.14048e+00     1.00584e-01     3.80160e+04
    2.63125e+03     1.13316e+00     9.83040e-02     3.77720e+04
    2.63135e+03     1.14621e+00     1.00320e-01     3.82070e+04
    2.63145e+03     1.13733e+00     1.00512e-01     3.79110e+04
    2.63155e+03     1.13808e+00     1.00608e-01     3.79360e+04
    2.63165e+03     1.13685e+00     9.87360e-02     3.78950e+04
    2.63175e+03     1.13478e+00     1.01520e-01     3.78260e+04
    2.63185e+03     1.13472e+00     9.77280e-02     3.78240e+04
    2.63195e+03     1.13904e+00     1.00320e-01     3.79680e+04
    2.63205e+03     1.12971e+00     9.99840e-02     3.76570e+04
    2.63215e+03     1.13394e+00     1.00488e-01     3.77980e+04
    2.63225e+03     1.12668e+00     9.99120e-02     3.75560e+04
    2.63235e+03     1.12830e+00     1.00944e-01     3.76100e+04
    2.63245e+03     1.11825e+00     1.00104e-01     3.72750e+04
    2.63255e+03     1.11609e+00     1.00824e-01     3.72030e+04
    2.63265e+03     1.12074e+00     9.88080e-02     3.73580e+04
    2.63275e+03     1.11228e+00     1.01208e-01     3.70760e+04
    2.63285e+03     1.11822e+00     1.00608e-01     3.72740e+04
    2.63295e+03     1.10997e+00     1.01832e-01     3.69990e+04
    2.63305e+03     1.09518e+00     9.67440e-02     3.65060e+04
    2.63315e+03     1.10355e+00     1.00944e-01     3.67850e+04
    2.63325e+03     1.09113e+00     1.00776e-01     3.63710e+04
    2.63335e+03     1.10256e+00     9.76560e-02     3.67520e+04
    2.63345e+03     1.09446e+00     1.01088e-01     3.64820e+04
    2.63355e+03     1.08696e+00     9.95760e-02     3.62320e+04
    2.63365e+03     1.10076e+00     1.00848e-01     3.66920e+04
    2.63375e+03     1.08615e+00     9.80640e-02     3.62050e+04
    2.63385e+03     1.08903e+00     9.95760e-02     3.63010e+04
    2.63395e+03     1.07229e+00     1.00296e-01     3.57430e+04
    2.63405e+03     1.07982e+00     1.02288e-01     3.59940e+04
    2.63415e+03     1.07598e+00     9.86160e-02     3.58660e+04
    2.63425e+03     1.07202e+00     1.00032e-01     3.57340e+04
    2.63435e+03     1.06998e+00     1.01712e-01     3.56660e+04
    2.63445e+03     1.06473e+00     9.81360e-02     3.54910e+04
    2.63455e+03     1.05471e+00     1.00728e-01     3.51570e+04
    2.63465e+03     1.06107e+00     1.01808e-01     3.53690e+04
    2.63475e+03     1.05906e+00     1.02072e-01     3.53020e+04
    2.63485e+03     1.03965e+00     9.88320e-02     3.46550e+04
    2.63495e+03     1.04898e+00     9.93120e-02     3.49660e+04
