    2.78005e+03     9.92840e-01     9.81760e-02     2.48210e+04
    2.78015e+03     1.00032e+00     1.01056e-01     2.50080e+04
    2.78025e+03     1.00176e+00     1.01760e-01     2.50440e+04
    2.78035e+03     9.90640e-01     9.84960e-02     2.47660e+04
    2.78045e+03     9.96040e-01     9.97760e-02     2.49010e+04
    2.78055e+03     1.00780e+00     1.01472e-01     2.51950e+04
    2.78065e+03     9.91360e-01     9.86560e-02     2.47840e+04
    2.78075e+03     1.00308e+00     1.01568e-01     2.50770e+04
    2.78085e+03     9.93040e-01     1.00544e-01     2.48260e+04
    2.78095e+03     1.00828e+00     1.03872e-01     2.52070e+04
    2.78105e+03     9.93480e-01     1.00512e-01     2.48370e+04
    2.78115e+03     9.94720e-01     1.00608e-01     2.48680e+04
    2.78125e+03     1.00604e+00     1.01728e-01     2.51510e+04
    2.78135e+03     1.00720e+00     1.02976e-01     2.51800e+04
    2.78145e+03     9.95280e-01     9.88800e-02     2.48820e+04
    2.78155e+03     1.00020e+00     1.01728e-01     2.50050e+04
    2.78165e+03     1.00064e+00     9.91360e-02     2.50160e+04
    2.78175e+03     1.00472e+00     9.83680e-02     2.51180e+04
    2.78185e+03     1.00012e+00     1.01024e-01     2.50030e+04
    2.78195e+03     9.94600e-01     9.83360e-02     2.48650e+04
    2.78205e+03     1.00248e+00     1.02496e-01     2.50620e+04
    2.78215e+03     9.97440e-01     1.00960e-01     2.49360e+04
    2.78225e+03     1.00468e+00     9.93920e-02     2.51170e+04
    2.78235e+03     1.00208e+00     9.67680e-02     2.50520e+04
    2.78245e+03     1.00172e+00     1.00416e-01     2.50430e+04
    2.78255e+03     1.00840e+00     1.04512e-01     2.52100e+04
    2.78265e+03     9.95680e-01     9.85280e-02     2.48920e+04
    2.78275e+03     9.92760e-01     1.00448e-01     2.48190e+04
    2.78285e+03     1.00124e+00     9.84960e-02     2.50310e+04
    2.78295e+03     1.00404e+00     1.02144e-01     2.51010e+04
    2.78305e+03     1.00864e+00     9.88800e-02     2.52160e+04
    2.78315e+03     9.95840e-01     1.00992e-01     2.48960e+04
    2.78325e+03     1.00008e+00     1.00192e-01     2.50020e+04
    2.78335e+03     1.00268e+00     9.99360e-02     2.50670e+04
    2.78345e+03     1.00616e+00     1.03104e-01     2.51540e+04
    2.78355e+03     9.98600e-01     1.00832e-01     2.49650e+04
    2.78365e+03     1.00228e+00     1.03552e-01     2.50570e+04
    2.78375e+03     9.99760e-01     1.00064e-01     2.49940e+04
    2.78385e+03     1.01016e+00     1.01728e-01     2.52540e+04
    2.78395e+03     9.91960e-01     1.01568e-01     2.47990e+04
    2.78405e+03     1.00124e+00     9.54880e-02     2.50310e+04
    2.78415e+03     1.00356e+00     9.86880e-02     2.50890e+04
    2.78425e+03     9.79200e-01     1.00512e-01     2.44800e+04
    2.78435e+03     1.00292e+00     1.02400e-01     2.50730e+04
    2.78445e+03     1.00624e+00     1.00896e-01     2.51560e+04
    2.78455e+03     1.00152e+00     1.00608e-01     2.50380e+04
    2.78465e+03     9.98520e-01     9.95520e-02     2.49630e+04
    2.78475e+03     9.93120e-01     9.82720e-02     2.48280e+04
    2.78485e+03     9.89800e-01     1.00864e-01     2.47450e+04
    2.78495e+03     9.96240e-01     1.02144e-01     2.49060e+04
    2.78505e+03     1.00188e+00     9.74080e-02     2.50470e+04
    2.78515e+03     1.00052e+00     9.95520e-02     2.50130e+04
    2.78525e+03     9.97920e-01     1.00832e-01     2.49480e+04
    2.78535e+03     1.00512e+00     9.95840e-02     2.51280e+04
    2.78545e+03     9.96240e-01     1.00608e-01     2.49060e+04
    2.78555e+03     1.01068e+00     9.98400e-02     2.52670e+04
    2.78565e+03     9.99520e-01     1.01568e-01     2.49880e+04
    2.78575e+03     1.00640e+00     9.86560e-02     2.51600e+04
    2.78585e+03     1.00296e+00     9.93600e-02     2.50740e+04
    2.78595e+03     1.00160e+00     1.02144e-01     2.50400e+04
    2.78605e+03     1.00080e+00     9.84640e-02     2.50200e+04
    2.78615e+03     1.00628e+00     1.00864e-01     2.51570e+04
    2.78625e+03     1.00396e+00     1.01632e-01     2.50990e+04
    2.78635e+03     9.94160e-01     1.00736e-01     2.48540e+04
    2.78645e+03     9.97800e-01     9.79200e-02     2.49450e+04
    2.78655e+03     9.97840e-01     1.00288e-01     2.49460e+04
    2.78665e+03     1.00292e+00     9.76000e-02     2.50730e+04
    2.78675e+03     9.92120e-01     9.64160e-02     2.48030e+04
    2.78685e+03     1.00780e+00     9.94560e-02     2.51950e+04
    2.78695e+03     9.94480e-01     1.00224e-01     2.48620e+04
    2.78705e+03     1.01336e+00     9.97440e-02     2.53340e+04
    2.78715e+03     9.99160e-01     9.75680e-02     2.49790e+04
    2.78725e+03     1.00088e+00     9.99680e-02     2.50220e+04
    2.78735e+03     1.00036e+00     9.85280e-02     2.50090e+04
    2.78745e+03     1.00528e+00     1.00192e-01     2.51320e+04
    2.78755e+03     1.00140e+00     1.00256e-01     2.50350e+04
    2.78765e+03     1.00520e+00     9.96160e-02     2.51300e+04
    2.78775e+03     9.95360e-01     1.00064e-01     2.48840e+04
    2.78785e+03     1.00112e+00     9.92000e-02     2.50280e+04
    2.78795e+03     9.96680e-01     9.97120e-02     2.49170e+04
    2.78805e+03     9.97120e-01     1.01792e-01     2.49280e+04
    2.78815e+03     1.00384e+00     9.82720e-02     2.50960e+04
    2.78825e+03     1.00112e+00     9.71840e-02     2.50280e+04
    2.78835e+03     9.95400e-01     1.03072e-01     2.48850e+04
    2.78845e+03     1.00264e+00     1.01824e-01     2.50660e+04
    2.78855e+03     9.96280e-01     1.02720e-01     2.49070e+04
    2.78865e+03     9.97320e-01     9.61600e-02     2.49330e+04
    2.78875e+03     9.88480e-01     1.00224e-01     2.47120e+04
    2.78885e+03     9.99640e-01     1.02528e-01     2.49910e+04
    2.78895e+03     9.94400e-01     9.84000e-02     2.48600e+04
    2.78905e+03     1.00332e+00     1.00864e-01     2.50830e+04
    2.78915e+03     9.96040e-01     9.80480e-02     2.49010e+04
    2.78925e+03     1.01104e+00     1.00992e-01     2.52760e+04
    2.78935e+03     9.94360e-01     9.77600e-02     2.48590e+04
    2.78945e+03     9.99440e-01     9.85280e-02     2.49860e+04
    2.78955e+03     1.00072e+00     1.01696e-01     2.50180e+04
    2.78965e+03     1.00292e+00     9.91040e-02     2.50730e+04
    2.78975e+03     9.98160e-01     1.02848e-01     2.49540e+04
    2.78985e+03     9.92920e-01     1.00000e-01     2.48230e+04
    2.78995e+03     9.99320e-01     9.88480e-02     2.49830e+04
    2.79005e+03     1.00352e+00     1.01472e-01     2.50880e+04
    2.79015e+03     9.90360e-01     9.51040e-02     2.47590e+04
    2.79025e+03     1.00332e+00     1.01056e-01     2.50830e+04
    2.79035e+03     1.00932e+00     9.85600e-02     2.52330e+04
    2.79045e+03     9.95200e-01     9.92640e-02     2.48800e+04
    2.79055e+03     9.99520e-01     1.00160e-01     2.49880e+04
    2.79065e+03     1.00844e+00     1.01408e-01     2.52110e+04
    2.79075e+03     9.88680e-01     9.99680e-02     2.47170e+04
    2.79085e+03     9.96240e-01     1.01536e-01     2.49060e+04
    2.79095e+03     1.00396e+00     1.00640e-01     2.50990e+04
    2.79105e+03     9.96320e-01     1.03712e-01     2.49080e+04
    2.79115e+03     9.97240e-01     9.94880e-02     2.49310e+04
    2.79125e+03     9.86400e-01     9.76640e-02     2.46600e+04
    2.79135e+03     9.99680e-01     9.73760e-02     2.49920e+04
    2.79145e+03     9.96480e-01     9.80160e-02     2.49120e+04
    2.79155e+03     9.91520e-01     1.00736e-01     2.47880e+04
    2.79165e+03     9.90840e-01     9.97440e-02     2.47710e+04
    2.79175e+03     9.94800e-01     9.67040e-02     2.48700e+04
    2.79185e+03     1.00580e+00     9.96160e-02     2.51450e+04
    2.79195e+03     9.87640e-01     9.80800e-02     2.46910e+04
    2.79205e+03     9.98000e-01     9.86880e-02     2.49500e+04
    2.79215e+03     9.87080e-01     9.90720e-02     2.46770e+04
    2.79225e+03     9.90680e-01     9.82080e-02     2.47670e+04
    2.79235e+03     9.95600e-01     9.98080e-02     2.48900e+04
    2.79245e+03     9.92800e-01     1.01792e-01     2.48200e+04
    2.79255e+03     9.93120e-01     9.69920e-02     2.48280e+04
    2.79265e+03     9.79000e-01     9.84320e-02     2.44750e+04
    2.79275e+03     9.74840e-01     9.98080e-02     2.43710e+04
    2.79285e+03     9.65240e-01     9.79840e-02     2.41310e+04
    2.79295e+03     9.58360e-01     9.46560e-02     2.39590e+04
    2.79305e+03     9.19480e-01     9.09120e-02     2.29870e+04
    2.79315e+03     7.49560e-01     7.50080e-02     1.87390e+04
    2.79325e+03     3.01560e-01     2.95360e-02     7.53900e+03
    2.79335e+03     4.50400e-02     2.78400e-03     1.12600e+03
    2.79345e+03     1.46400e-02     2.88000e-04     3.66000e+02
    2.79355e+03     1.26800e-02     6.40000e-04     3.17000e+02
    2.79365e+03     2.20000e-02     1.28000e-03     5.50000e+02
    2.79375e+03     4.34000e-02     2.75200e-03     1.08500e+03
    2.79385e+03     7.30000e-02     4.38400e-03     1.82500e+03
    2.79395e+03     9.38400e-02     4.57600e-03     2.34600e+03
    2.79405e+03     1.21680e-01     5.69600e-03     3.04200e+03
    2.79415e+03     1.57320e-01     6.81600e-03     3.93300e+03
    2.79425e+03     1.83640e-01     7.68000e-03     4.59100e+03
    2.79435e+03     2.15280e-01     7.77600e-03     5.38200e+03
    2.79445e+03     2.48560e-01     8.35200e-03     6.21400e+03
    2.79455e+03     2.89960e-01     8.80000e-03     7.24900e+03
    2.79465e+03     3.28600e-01     9.82400e-03     8.21500e+03
    2.79475e+03     3.68280e-01     1.00480e-02     9.20700e+03
    2.79485e+03     4.15040e-01     1.06880e-02     1.03760e+04
    2.79495e+03     4.65480e-01     1.02720e-02     1.16370e+04
    2.79505e+03     5.01800e-01     1.12320e-02     1.25450e+04
    2.79515e+03     5.60160e-01     1.11040e-02     1.40040e+04
    2.79525e+03     6.13200e-01     1.16160e-02     1.53300e+04
    2.79535e+03     6.79640e-01     1.20640e-02     1.69910e+04
    2.79545e+03     7.31520e-01     1.16800e-02     1.82880e+04
    2.79555e+03     8.10800e-01     1.21280e-02     2.02700e+04
    2.79565e+03     8.59880e-01     1.07840e-02     2.14970e+04
    2.79575e+03     9.46720e-01     1.32480e-02     2.36680e+04
    2.79585e+03     9.99120e-01     1.23200e-02     2.49780e+04
    2.79595e+03     1.04940e+00     1.20000e-02     2.62350e+04
    2.79605e+03     1.10984e+00     1.51040e-02     2.77460e+04
    2.79615e+03     1.27800e+00     2.74560e-02     3.19500e+04
    2.79625e+03     1.52884e+00     5.27680e-02     3.82210e+04
    2.79635e+03     1.86584e+00     7.64160e-02     4.66460e+04
    2.79645e+03     1.96148e+00     8.70080e-02     4.90370e+04
    2.79655e+03     1.91284e+00     9.45600e-02     4.78210e+04
    2.79665e+03     2.01824e+00     9.62880e-02     5.04560e+04
    2.79675e+03     2.11248e+00     9.64160e-02     5.28120e+04
    2.79685e+03     2.12304e+00     9.76640e-02     5.30760e+04
    2.79695e+03     2.07028e+00     1.00640e-01     5.17570e+04
    2.79705e+03     2.00644e+00     9.85600e-02     5.01610e+04
    2.79715e+03     1.91828e+00     9.64800e-02     4.79570e+04
    2.79725e+03     1.85268e+00     9.87200e-02     4.63170e+04
    2.79735e+03     1.77764e+00     9.91040e-02     4.44410e+04
    2.79745e+03     1.72252e+00     1.02400e-01     4.30630e+04
    2.79755e+03     1.64692e+00     9.85600e-02     4.11730e+04
    2.79765e+03     1.58472e+00     9.98720e-02     3.96180e+04
    2.79775e+03     1.53228e+00     9.94240e-02     3.83070e+04
    2.79785e+03     1.47428e+00     9.93600e-02     3.68570e+04
    2.79795e+03     1.43236e+00     9.88160e-02     3.58090e+04
    2.79805e+03     1.37664e+00     1.00416e-01     3.44160e+04
    2.79815e+03     1.33828e+00     9.85600e-02     3.34570e+04
    2.79825e+03     1.29600e+00     1.00416e-01     3.24000e+04
    2.79835e+03     1.25368e+00     9.87840e-02     3.13420e+04
    2.79845e+03     1.22984e+00     9.95520e-02     3.07460e+04
    2.79855e+03     1.20696e+00     1.01536e-01     3.01740e+04
    2.79865e+03     1.16320e+00     9.95520e-02     2.90800e+04
    2.79875e+03     1.14908e+00     1.03104e-01     2.87270e+04
    2.79885e+03     1.12896e+00     1.03968e-01     2.82240e+04
    2.79895e+03     1.09128e+00     9.86240e-02     2.72820e+04
    2.79905e+03     1.07520e+00     9.90400e-02     2.68800e+04
    2.79915e+03     1.05612e+00     1.00960e-01     2.64030e+04
    2.79925e+03     1.02392e+00     9.78560e-02     2.55980e+04
    2.79935e+03     1.01036e+00     1.02208e-01     2.52590e+04
    2.79945e+03     1.01420e+00     1.02976e-01     2.53550e+04
    2.79955e+03     1.00376e+00     9.93920e-02     2.50940e+04
    2.79965e+03     1.00348e+00     1.01216e-01     2.50870e+04
    2.79975e+03     1.01488e+00     1.02784e-01     2.53720e+04
    2.79985e+03     9.95280e-01     9.94560e-02     2.48820e+04
    2.79995e+03     9.87640e-01     1.00832e-01     2.46910e+04
    2.80005e+03     9.89480e-01     9.68000e-02     2.47370e+04
    2.80015e+03     9.74760e-01     9.51040e-02     2.43690e+04
    2.80025e+03     9.39360e-01     9.14560e-02     2.34840e+04
    2.80035e+03     7.95960e-01     7.76960e-02     1.98990e+04
    2.80045e+03     4.05840e-01     3.98400e-02     1.01460e+04
    2.80055e+03     1.22960e-01     1.15840e-02     3.07400e+03
    2.80065e+03     7.02800e-02     5.28000e-03     1.75700e+03
    2.80075e+03     9.76000e-02     7.45600e-03     2.44000e+03
    2.80085e+03     1.50840e-01     1.22240e-02     3.77100e+03
    2.80095e+03     2.18640e-01     1.77280e-02     5.46600e+03
    2.80105e+03     2.63160e-01     2.00320e-02     6.57900e+03
    2.80115e+03     3.07840e-01     2.29120e-02     7.69600e+03
    2.80125e+03     3.46400e-01     2.51840e-02     8.66000e+03
    2.80135e+03     3.71080e-01     2.54400e-02     9.27700e+03
    2.80145e+03     4.15360e-01     2.63360e-02     1.03840e+04
    2.80155e+03     4.48520e-01     2.82560e-02     1.12130e+04
    2.80165e+03     4.69400e-01     2.95360e-02     1.17350e+04
    2.80175e+03     5.09440e-01     3.20640e-02     1.27360e+04
    2.80185e+03     5.37320e-01     3.05920e-02     1.34330e+04
    2.80195e+03     5.78160e-01     3.39200e-02     1.44540e+04
    2.80205e+03     6.11920e-01     3.19680e-02     1.52980e+04
    2.80215e+03     6.45480e-01     3.46880e-02     1.61370e+04
    2.80225e+03     6.86600e-01     3.49760e-02     1.71650e+04
    2.80235e+03     7.27600e-01     3.37600e-02     1.81900e+04
    2.80245e+03     7.68840e-01     3.40480e-02     1.92210e+04
    2.80255e+03     8.09200e-01     3.34720e-02     2.02300e+04
    2.80265e+03     8.62840e-01     3.51360e-02     2.15710e+04
    2.80275e+03     9.16360e-01     3.51040e-02     2.29090e+04
    2.80285e+03     9.79040e-01     3.55520e-02     2.44760e+04
    2.80295e+03     1.03672e+00     3.61280e-02     2.59180e+04
    2.80305e+03     1.09608e+00     3.58720e-02     2.74020e+04
    2.80315e+03     1.14208e+00     3.84000e-02     2.85520e+04
    2.80325e+03     1.19020e+00     3.85280e-02     2.97550e+04
    2.80335e+03     1.26916e+00     4.74880e-02     3.17290e+04
    2.80345e+03     1.43680e+00     6.69120e-02     3.59200e+04
    2.80355e+03     1.61172e+00     8.29120e-02     4.02930e+04
    2.80365e+03     1.67500e+00     9.29280e-02     4.18750e+04
    2.80375e+03     1.73408e+00     9.68000e-02     4.33520e+04
    2.80385e+03     1.83000e+00     9.94240e-02     4.57500e+04
    2.80395e+03     1.85240e+00     9.97760e-02     4.63100e+04
    2.80405e+03     1.80984e+00     1.00320e-01     4.52460e+04
    2.80415e+03     1.74424e+00     9.73760e-02     4.36060e+04
    2.80425e+03     1.69640e+00     9.84640e-02     4.24100e+04
    2.80435e+03     1.63480e+00     9.69280e-02     4.08700e+04
    2.80445e+03     1.57968e+00     9.92000e-02     3.94920e+04
    2.80455e+03     1.52684e+00     1.02688e-01     3.81710e+04
    2.80465e+03     1.47688e+00     9.93600e-02     3.69220e+04
    2.80475e+03     1.45396e+00     1.01632e-01     3.63490e+04
    2.80485e+03     1.40272e+00     9.63520e-02     3.50680e+04
    2.80495e+03     1.36032e+00     9.64160e-02     3.40080e+04
    2.80505e+03     1.33832e+00     9.96800e-02     3.34580e+04
    2.80515e+03     1.29704e+00     9.88800e-02     3.24260e+04
    2.80525e+03     1.27848e+00     1.00416e-01     3.19620e+04
    2.80535e+03     1.25116e+00     1.01312e-01     3.12790e+04
    2.80545e+03     1.20492e+00     9.93600e-02     3.01230e+04
    2.80555e+03     1.19704e+00     1.02624e-01     2.99260e+04
    2.80565e+03     1.17032e+00     9.97760e-02     2.92580e+04
    2.80575e+03     1.16332e+00     9.96480e-02     2.90830e+04
    2.80585e+03     1.13104e+00     9.88160e-02     2.82760e+04
    2.80595e+03     1.11768e+00     1.00064e-01     2.79420e+04
    2.80605e+03     1.08896e+00     1.02368e-01     2.72240e+04
    2.80615e+03     1.07592e+00     9.86880e-02     2.68980e+04
    2.80625e+03     1.06348e+00     9.85280e-02     2.65870e+04
    2.80635e+03     1.04012e+00     1.02144e-01     2.60030e+04
    2.80645e+03     1.02548e+00     1.01376e-01     2.56370e+04
    2.80655e+03     1.01504e+00     1.01856e-01     2.53760e+04
    2.80665e+03     1.01688e+00     1.00736e-01     2.54220e+04
    2.80675e+03     1.00892e+00     1.02016e-01     2.52230e+04
    2.80685e+03     1.00596e+00     9.99680e-02     2.51490e+04
    2.80695e+03     1.00272e+00     1.00032e-01     2.50680e+04
    2.80705e+03     1.00260e+00     1.03008e-01     2.50650e+04
    2.80715e+03     1.01212e+00     1.02528e-01     2.53030e+04
    2.80725e+03     1.00476e+00     9.99040e-02     2.51190e+04
    2.80735e+03     9.97760e-01     1.00576e-01     2.49440e+04
    2.80745e+03     1.00064e+00     9.87840e-02     2.50160e+04
    2.80755e+03     9.99000e-01     9.95840e-02     2.49750e+04
    2.80765e+03     9.98560e-01     9.86240e-02     2.49640e+04
    2.80775e+03     9.99920e-01     1.01344e-01     2.49980e+04
    2.80785e+03     1.00412e+00     1.00032e-01     2.51030e+04
    2.80795e+03     1.00344e+00     9.91040e-02     2.50860e+04
    2.80805e+03     9.98040e-01     1.00832e-01     2.49510e+04
    2.80815e+03     9.94720e-01     9.72800e-02     2.48680e+04
    2.80825e+03     1.00860e+00     9.89120e-02     2.52150e+04
    2.80835e+03     1.00116e+00     1.02752e-01     2.50290e+04
    2.80845e+03     9.99840e-01     1.03296e-01     2.49960e+04
    2.80855e+03     1.00716e+00     1.00160e-01     2.51790e+04
    2.80865e+03     9.94520e-01     1.02176e-01     2.48630e+04
    2.80875e+03     1.00436e+00     9.81440e-02     2.51090e+04
    2.80885e+03     9.97040e-01     9.76640e-02     2.49260e+04
    2.80895e+03     1.01016e+00     1.03456e-01     2.52540e+04
    2.80905e+03     1.00012e+00     9.94880e-02     2.50030e+04
    2.80915e+03     9.96280e-01     9.99360e-02     2.49070e+04
    2.80925e+03     9.97600e-01     9.78560e-02     2.49400e+04
    2.80935e+03     9.98800e-01     9.83680e-02     2.49700e+04
    2.80945e+03     9.97560e-01     1.00960e-01     2.49390e+04
    2.80955e+03     9.90040e-01     9.89760e-02     2.47510e+04
    2.80965e+03     9.95520e-01     9.89760e-02     2.48880e+04
    2.80975e+03     1.00988e+00     1.02560e-01     2.52470e+04
    2.80985e+03     1.00172e+00     1.01088e-01     2.50430e+04
    2.80995e+03     9.97680e-01     9.89120e-02     2.49420e+04
    2.81005e+03     9.95160e-01     1.00064e-01     2.48790e+04
    2.81015e+03     1.00992e+00     9.90080e-02     2.52480e+04
    2.81025e+03     9.89520e-01     9.57760e-02     2.47380e+04
    2.81035e+03     9.94160e-01     9.99680e-02     2.48540e+04
    2.81045e+03     1.00584e+00     1.00512e-01     2.51460e+04
    2.81055e+03     9.93400e-01     1.00128e-01     2.48350e+04
    2.81065e+03     1.00196e+00     1.00704e-01     2.50490e+04
    2.81075e+03     1.00332e+00     1.00672e-01     2.50830e+04
    2.81085e+03     9.87520e-01     9.52320e-02     2.46880e+04
    2.81095e+03     9.99200e-01     9.99360e-02     2.49800e+04
    2.81105e+03     1.00920e+00     1.01760e-01     2.52300e+04
    2.81115e+03     9.96960e-01     9.97120e-02     2.49240e+04
    2.81125e+03     9.98520e-01     1.01088e-01     2.49630e+04
    2.81135e+03     9.92000e-01     9.96160e-02     2.48000e+04
    2.81145e+03     9.98920e-01     9.52000e-02     2.49730e+04
    2.81155e+03     1.00600e+00     9.93920e-02     2.51500e+04
    2.81165e+03     1.00456e+00     9.98400e-02     2.51140e+04
    2.81175e+03     9.93720e-01     1.00896e-01     2.48430e+04
    2.81185e+03     9.87080e-01     9.67680e-02     2.46770e+04
    2.81195e+03     9.98480e-01     1.00416e-01     2.49620e+04
    2.81205e+03     9.94960e-01     9.86560e-02     2.48740e+04
    2.81215e+03     9.92080e-01     9.54880e-02     2.48020e+04
    2.81225e+03     9.98640e-01     9.95520e-02     2.49660e+04
    2.81235e+03     1.00396e+00     9.98400e-02     2.50990e+04
    2.81245e+03     1.00060e+00     9.76960e-02     2.50150e+04
    2.81255e+03     9.94320e-01     9.71840e-02     2.48580e+04
    2.81265e+03     1.00108e+00     1.01888e-01     2.50270e+04
    2.81275e+03     9.94560e-01     9.95840e-02     2.48640e+04
    2.81285e+03     1.00052e+00     9.80160e-02     2.50130e+04
    2.81295e+03     9.97400e-01     1.01536e-01     2.49350e+04
    2.81305e+03     1.00004e+00     1.01056e-01     2.50010e+04
    2.81315e+03     1.00280e+00     1.02688e-01     2.50700e+04
    2.81325e+03     9.99840e-01     1.00064e-01     2.49960e+04
    2.81335e+03     1.00692e+00     1.02304e-01     2.51730e+04
    2.81345e+03     1.01816e+00     9.95200e-02     2.54540e+04
    2.81355e+03     1.01324e+00     1.02304e-01     2.53310e+04
    2.81365e+03     1.00084e+00     9.93280e-02     2.50210e+04
    2.81375e+03     1.00564e+00     1.01888e-01     2.51410e+04
    2.81385e+03     1.00684e+00     9.87840e-02     2.51710e+04
    2.81395e+03     9.98400e-01     9.97120e-02     2.49600e+04
    2.81405e+03     9.98840e-01     9.89440e-02     2.49710e+04
    2.81415e+03     1.00308e+00     9.99360e-02     2.50770e+04
    2.81425e+03     9.97080e-01     9.77600e-02     2.49270e+04
    2.81435e+03     9.93400e-01     9.90080e-02     2.48350e+04
    2.81445e+03     9.96560e-01     9.79520e-02     2.49140e+04
    2.81455e+03     1.01124e+00     1.00736e-01     2.52810e+04
    2.81465e+03     9.97040e-01     9.78240e-02     2.49260e+04
    2.81475e+03     1.00864e+00     1.01376e-01     2.52160e+04
    2.81485e+03     1.00744e+00     9.69920e-02     2.51860e+04
    2.81495e+03     1.00204e+00     9.88480e-02     2.50510e+04
    2.81505e+03     9.97440e-01     9.92640e-02     2.49360e+04
    2.81515e+03     9.92520e-01     9.78560e-02     2.48130e+04
    2.81525e+03     9.99400e-01     9.89760e-02     2.49850e+04
    2.81535e+03     1.00324e+00     1.01184e-01     2.50810e+04
    2.81545e+03     9.97680e-01     1.00768e-01     2.49420e+04
    2.81555e+03     9.89440e-01     1.00288e-01     2.47360e+04
    2.81565e+03     9.90600e-01     9.89120e-02     2.47650e+04
    2.81575e+03     1.00128e+00     1.00160e-01     2.50320e+04
    2.81585e+03     9.98920e-01     9.97760e-02     2.49730e+04
    2.81595e+03     1.00120e+00     9.94560e-02     2.50300e+04
    2.81605e+03     1.00076e+00     1.01504e-01     2.50190e+04
    2.81615e+03     1.00404e+00     1.00000e-01     2.51010e+04
    2.81625e+03     9.97840e-01     9.88480e-02     2.49460e+04
    2.81635e+03     1.01736e+00     1.01344e-01     2.54340e+04
    2.81645e+03     9.92600e-01     9.81760e-02     2.48150e+04
    2.81655e+03     9.97440e-01     9.87200e-02     2.49360e+04
    2.81665e+03     9.97840e-01     9.98720e-02     2.49460e+04
    2.81675e+03     9.90000e-01     1.01952e-01     2.47500e+04
    2.81685e+03     1.00072e+00     9.84000e-02     2.50180e+04
    2.81695e+03     9.91760e-01     1.01088e-01     2.47940e+04
    2.81705e+03     9.98040e-01     1.00000e-01     2.49510e+04
    2.81715e+03     9.99280e-01     9.97440e-02     2.49820e+04
    2.81725e+03     9.99800e-01     9.99680e-02     2.49950e+04
    2.81735e+03     1.00424e+00     9.97440e-02     2.51060e+04
    2.81745e+03     9.95120e-01     9.92640e-02     2.48780e+04
    2.81755e+03     1.00016e+00     1.02528e-01     2.50040e+04
    2.81765e+03     9.85560e-01     1.00640e-01     2.46390e+04
    2.81775e+03     9.95960e-01     9.73440e-02     2.48990e+04
    2.81785e+03     9.98280e-01     9.70240e-02     2.49570e+04
    2.81795e+03     9.91480e-01     9.86560e-02     2.47870e+04
    2.81805e+03     1.00168e+00     1.01056e-01     2.50420e+04
    2.81815e+03     9.97080e-01     1.00320e-01     2.49270e+04
    2.81825e+03     9.97360e-01     1.00640e-01     2.49340e+04
    2.81835e+03     1.00420e+00     1.00832e-01     2.51050e+04
    2.81845e+03     1.00972e+00     1.01024e-01     2.52430e+04
    2.81855e+03     9.95560e-01     9.97120e-02     2.48890e+04
    2.81865e+03     1.00168e+00     9.93600e-02     2.50420e+04
    2.81875e+03     1.00816e+00     1.02784e-01     2.52040e+04
    2.81885e+03     9.96480e-01     9.84320e-02     2.49120e+04
    2.81895e+03     1.01028e+00     1.01504e-01     2.52570e+04
    2.81905e+03     9.83600e-01     9.76320e-02     2.45900e+04
    2.81915e+03     1.00496e+00     9.82400e-02     2.51240e+04
    2.81925e+03     9.90960e-01     9.49120e-02     2.47740e+04
    2.81935e+03     1.00840e+00     9.88480e-02     2.52100e+04
    2.81945e+03     1.00588e+00     9.92640e-02     2.51470e+04
    2.81955e+03     9.96160e-01     9.98400e-02     2.49040e+04
    2.81965e+03     9.91880e-01     9.87520e-02     2.47970e+04
    2.81975e+03     1.00740e+00     1.00896e-01     2.51850e+04
    2.81985e+03     1.00772e+00     9.98080e-02     2.51930e+04
    2.81995e+03     9.97960e-01     1.02112e-01     2.49490e+04
