       2770.0000      1.00070
       2770.2500      1.00068
       2770.5000      1.00058
       2770.7500      1.00101
       2771.0000     0.999983
       2771.2500      1.00044
       2771.5000     0.999913
       2771.7500      1.00051
       2772.0000      1.00015
       2772.2500      1.00067
       2772.5000      1.00183
       2772.7500     0.999297
       2773.0000     0.999414
       2773.2500      1.00098
       2773.5000      1.00007
       2773.7500      1.00017
       2774.0000     0.999921
       2774.2500      1.00031
       2774.5000      1.00130
       2774.7500      1.00010
       2775.0000     0.999763
       2775.2500     0.999403
       2775.5000      1.00026
       2775.7500      1.00086
       2776.0000     0.998657
       2776.2500     0.999559
       2776.5000     0.999051
       2776.7500     0.999777
       2777.0000      1.00026
       2777.2500      1.00071
       2777.5000     0.999519
       2777.7500      1.00062
       2778.0000     0.999635
       2778.2500     0.999141
       2778.5000      1.00005
       2778.7500      1.00082
       2779.0000      1.00026
       2779.2500     0.999800
       2779.5000      1.00029
       2779.7500      1.00055
       2780.0000     0.999917
       2780.2500      1.00029
       2780.5000     0.999907
       2780.7500      1.00047
       2781.0000      1.00085
       2781.2500     0.997431
       2781.5000     0.999712
       2781.7500      1.00065
       2782.0000     0.999972
       2782.2500     0.999900
       2782.5000     0.999387
       2782.7500     0.999311
       2783.0000     0.999353
       2783.2500     0.998262
       2783.5000     0.999644
       2783.7500     0.999089
       2784.0000      1.00155
       2784.2500      1.00166
       2784.5000     0.999717
       2784.7500      1.00011
       2785.0000      1.00045
       2785.2500      1.00040
       2785.5000      1.00007
       2785.7500     0.999814
       2786.0000     0.998944
       2786.2500      1.00021
       2786.5000      1.00029
       2786.7500     0.983690
       2787.0000     0.858499
       2787.2500     0.800493
       2787.5000     0.792272
       2787.7500     0.784854
       2788.0000     0.775639
       2788.2500     0.765391
       2788.5000     0.756379
       2788.7500     0.744810
       2789.0000     0.733895
       2789.2500     0.720934
       2789.5000     0.708245
       2789.7500     0.692922
       2790.0000     0.677498
       2790.2500     0.661026
       2790.5000     0.642785
       2790.7500     0.623324
       2791.0000     0.602508
       2791.2500     0.581568
       2791.5000     0.557263
       2791.7500     0.533581
       2792.0000     0.509127
       2792.2500     0.483658
       2792.5000     0.459997
       2792.7500     0.437433
       2793.0000     0.419671
       2793.2500     0.406456
       2793.5000     0.402693
       2793.7500     0.409657
       2794.0000     0.427550
       2794.2500     0.453765
       2794.5000     0.487690
       2794.7500     0.524193
       2795.0000     0.557174
       2795.2500     0.582299
       2795.5000     0.588819
       2795.7500     0.667155
       2796.0000      1.14234
       2796.2500      1.39914
       2796.5000      1.66573
       2796.7500      1.78324
       2797.0000      1.61270
       2797.2500      1.44284
       2797.5000      1.35735
       2797.7500      1.28439
       2798.0000      1.21037
       2798.2500      1.14016
       2798.5000      1.07363
       2798.7500      1.01274
       2799.0000     0.956600
       2799.2500     0.902219
       2799.5000     0.849290
       2799.7500     0.796513
       2800.0000     0.745899
       2800.2500     0.695288
       2800.5000     0.646878
       2800.7500     0.601046
       2801.0000     0.560547
       2801.2500     0.533583
       2801.5000     0.522804
       2801.7500     0.535865
       2802.0000     0.569157
       2802.2500     0.606601
       2802.5000     0.647311
       2802.7500     0.682496
       2803.0000     0.836145
       2803.2500      1.58345
       2803.5000      1.68292
       2803.7500      2.11879
       2804.0000      2.05867
       2804.2500      1.79490
       2804.5000      1.65837
       2804.7500      1.57545
       2805.0000      1.49875
       2805.2500      1.42668
       2805.5000      1.36735
       2805.7500      1.31675
       2806.0000      1.27582
       2806.2500      1.24287
       2806.5000      1.21192
       2806.7500      1.18840
       2807.0000      1.16585
       2807.2500      1.14731
       2807.5000      1.13155
       2807.7500      1.11782
       2808.0000      1.10567
       2808.2500      1.09351
       2808.5000      1.08343
       2808.7500      1.07433
       2809.0000      1.06633
       2809.2500      1.05791
       2809.5000      1.04981
       2809.7500      1.04227
       2810.0000      1.03367
       2810.2500      1.02498
       2810.5000      1.01869
       2810.7500      1.01454
       2811.0000      1.01103
       2811.2500      1.00839
       2811.5000      1.00660
       2811.7500      1.00509
       2812.0000      1.00230
       2812.2500      1.00021
       2812.5000      1.00084
       2812.7500      1.00073
       2813.0000     0.999713
       2813.2500      1.00065
       2813.5000     0.999674
       2813.7500      1.00002
       2814.0000      1.00029
       2814.2500     0.999637
       2814.5000      1.00038
       2814.7500     0.999224
       2815.0000      1.00023
       2815.2500     0.999944
       2815.5000     0.999141
       2815.7500     0.999473
       2816.0000      1.00141
       2816.2500      1.00074
       2816.5000     0.999636
       2816.7500      1.00041
       2817.0000     0.999937
       2817.2500     0.998374
       2817.5000     0.999818
       2817.7500     0.998958
       2818.0000     0.999906
       2818.2500      1.00051
       2818.5000      1.00007
       2818.7500      1.00016
       2819.0000      1.00049
       2819.2500      1.00113
       2819.5000      1.00017
       2819.7500      1.00054
       2820.0000      1.00102
       2820.2500     0.999072
       2820.5000     0.999532
       2820.7500     0.999431
       2821.0000     0.999727
       2821.2500     0.998826
       2821.5000      1.00089
       2821.7500      1.00065
       2822.0000      1.00006
       2822.2500     0.998728
       2822.5000      1.00065
       2822.7500     0.999703
       2823.0000      1.00154
       2823.2500     0.998952
       2823.5000     0.999231
       2823.7500      1.00013
       2824.0000      1.00019
       2824.2500     0.998879
       2824.5000     0.999777
       2824.7500      1.00062
       2825.0000     0.999194
       2825.2500     0.998534
       2825.5000     0.999724
       2825.7500      1.00032
       2826.0000     0.998863
       2826.2500      1.00039
       2826.5000      1.00044
       2826.7500     0.999266
       2827.0000     0.999588
       2827.2500      1.00057
       2827.5000     0.999113
       2827.7500     0.999844
       2828.0000      1.00073
       2828.2500     0.999861
       2828.5000     0.998901
       2828.7500     0.999733
       2829.0000      1.00045
       2829.2500      1.00043
       2829.5000     0.999320
       2829.7500     0.999829
