      2575.05      1.02716
      2575.15     0.979629
      2575.25     0.998642
      2575.35      1.01811
      2575.45     0.999095
      2575.55      1.01856
      2575.65     0.995473
      2575.75     0.999095
      2575.85      1.00543
      2575.95      1.04436
      2576.05     0.997284
      2576.15     0.977365
      2576.25     0.962879
      2576.35     0.987777
      2576.45     0.986419
      2576.55     0.994115
      2576.65     0.959258
      2576.75     0.999095
      2576.85      1.02626
      2576.95     0.975102
      2577.05      1.00724
      2577.15      1.01313
      2577.25      1.01403
      2577.35     0.976913
      2577.45     0.985967
      2577.55      1.00543
      2577.65      1.02309
      2577.75     0.998642
      2577.85      1.01041
      2577.95     0.959258
      2578.05     0.982798
      2578.15     0.978271
      2578.25      1.04029
      2578.35     0.995926
      2578.45     0.998189
      2578.55     0.980081
      2578.65     0.990493
      2578.75      1.00000
      2578.85     0.995020
      2578.95     0.995473
      2579.05     0.973744
      2579.15     0.988230
      2579.25     0.961974
      2579.35     0.987325
      2579.45     0.967406
      2579.55     0.980987
      2579.65      1.00679
      2579.75      1.02128
      2579.85     0.984156
      2579.95     0.995926
      2580.05     0.971933
      2580.15     0.936170
      2580.25      1.00091
      2580.35     0.968764
      2580.45     0.975102
      2580.55     0.989588
      2580.65     0.987777
      2580.75     0.942508
      2580.85     0.992757
      2580.95     0.995020
      2581.05     0.961068
      2581.15     0.988230
      2581.25     0.941603
      2581.35      1.00589
      2581.45     0.992304
      2581.55     0.992304
      2581.65     0.947940
      2581.75     0.933907
      2581.85     0.971933
      2581.95     0.994568
      2582.05     0.990041
      2582.15     0.977365
      2582.25     0.979176
      2582.35     0.960163
      2582.45      1.00407
      2582.55     0.987325
      2582.65     0.952467
      2582.75     0.964690
      2582.85     0.937528
      2582.95     0.960616
      2583.05     0.964237
      2583.15     0.979629
      2583.25     0.943413
      2583.35     0.949298
      2583.45     0.973744
      2583.55     0.957447
      2583.65     0.965595
      2583.75     0.952467
      2583.85     0.943866
      2583.95     0.925758
      2584.05     0.919421
      2584.15     0.965143
      2584.25     0.890448
      2584.35     0.910819
      2584.45     0.916704
      2584.55     0.875509
      2584.65     0.912630
      2584.75     0.904934
      2584.85     0.866003
      2584.95     0.856043
      2585.05     0.874151
      2585.15     0.807153
      2585.25     0.779538
      2585.35     0.736985
      2585.45     0.719783
      2585.55     0.715256
      2585.65     0.629697
      2585.75     0.569036
      2585.85     0.521956
      2585.95     0.415120
      2586.05     0.359439
      2586.15     0.342689
      2586.25     0.522861
      2586.35     0.816659
      2586.45     0.954731
      2586.55      1.01494
      2586.65     0.971028
      2586.75     0.971028
      2586.85      1.04663
      2586.95      1.00951
      2587.05     0.998189
      2587.15     0.985514
      2587.25      1.00951
      2587.35      1.01313
      2587.45      1.02082
      2587.55     0.985967
      2587.65     0.987777
      2587.75      1.01856
      2587.85     0.993662
      2587.95      1.00407
      2588.05     0.971480
      2588.15     0.980534
      2588.25     0.992304
      2588.35     0.985061
      2588.45     0.981892
      2588.55      1.01947
      2588.65     0.952467
      2588.75     0.994568
      2588.85     0.992304
      2588.95      1.03984
      2589.05     0.991399
      2589.15     0.966501
      2589.25      1.00000
      2589.35     0.985514
      2589.45     0.994568
      2589.55      1.01222
      2589.65     0.988230
      2589.75      1.02535
      2589.85     0.974196
      2589.95     0.979629
      2590.05      1.06021
      2590.15     0.987325
      2590.25      1.02128
      2590.35     0.997284
      2590.45      1.00951
      2590.55     0.979629
      2590.65     0.984608
      2590.75     0.991399
      2590.85     0.995020
      2590.95     0.948393
      2591.05     0.983250
      2591.15      1.03848
      2591.25     0.973744
      2591.35     0.995926
      2591.45     0.994568
      2591.55     0.961068
      2591.65     0.988230
      2591.75     0.980534
      2591.85     0.966048
      2591.95     0.937981
      2592.05     0.992304
      2592.15     0.995020
      2592.25     0.984608
      2592.35      1.02128
      2592.45     0.967406
      2592.55     0.990041
      2592.65     0.931643
      2592.75     0.971028
      2592.85     0.954278
      2592.95     0.967406
      2593.05     0.994568
      2593.15     0.954278
      2593.25     0.959710
      2593.35     0.955636
      2593.45     0.973744
      2593.55     0.981440
      2593.65     0.957900
      2593.75     0.988683
      2593.85     0.939339
      2593.95     0.942508
      2594.05     0.937528
      2594.15     0.970122
      2594.25     0.930738
      2594.35     0.942055
      2594.45     0.930285
      2594.55     0.957447
      2594.65     0.942508
      2594.75     0.942055
      2594.85     0.928927
      2594.95     0.938434
      2595.05     0.942055
      2595.15     0.950656
      2595.25     0.953825
      2595.35     0.890448
      2595.45     0.904934
      2595.55     0.945224
      2595.65     0.899049
      2595.75     0.911272
      2595.85     0.923495
      2595.95     0.933001
      2596.05     0.901313
      2596.15     0.923947
      2596.25     0.924400
      2596.35     0.899955
      2596.45     0.908103
      2596.55     0.914441
      2596.65     0.861476
      2596.75     0.846990
      2596.85     0.868719
      2596.95     0.875057
      2597.05     0.842010
      2597.15     0.851517
      2597.25     0.861023
      2597.35     0.840652
      2597.45     0.823449
      2597.55     0.811227
      2597.65     0.831598
      2597.75     0.797646
      2597.85     0.768674
      2597.95     0.736532
      2598.05     0.726120
      2598.15     0.735627
      2598.25     0.715256
      2598.35     0.682209
      2598.45     0.648257
      2598.55     0.597103
      2598.65     0.566772
      2598.75     0.561793
      2598.85     0.497963
      2598.95     0.450430
      2599.05     0.396560
      2599.15     0.361702
      2599.25     0.292440
      2599.35     0.213671
      2599.45     0.199638
      2599.55     0.162517
      2599.65     0.168402
      2599.75     0.199638
      2599.85     0.546401
      2599.95     0.946582
      2600.05      1.01584
      2600.15      1.07696
      2600.25      1.04482
      2600.35      1.06021
      2600.45      1.01132
      2600.55      1.07424
      2600.65      1.03576
      2600.75      1.03893
      2600.85      1.00860
      2600.95      1.03078
      2601.05     0.996831
      2601.15     0.996378
      2601.25      1.02082
      2601.35     0.991852
      2601.45      1.01675
      2601.55      1.00679
      2601.65     0.977818
      2601.75     0.983250
      2601.85     0.976460
      2601.95     0.968764
      2602.05     0.986872
      2602.15     0.993210
      2602.25     0.993662
      2602.35     0.972386
      2602.45     0.947035
      2602.55      1.00498
      2602.65     0.962879
      2602.75     0.978271
      2602.85     0.992304
      2602.95      1.01268
      2603.05     0.963785
      2603.15     0.971480
      2603.25     0.992304
      2603.35     0.996831
      2603.45      1.00045
      2603.55     0.942508
      2603.65      1.02218
      2603.75     0.998642
      2603.85      1.01177
      2603.95     0.997737
      2604.05      1.00589
      2604.15     0.994568
      2604.25     0.997737
      2604.35      1.01449
      2604.45     0.990041
      2604.55     0.971028
      2604.65      1.00453
      2604.75     0.990946
      2604.85     0.989135
      2604.95     0.984608
      2605.05      1.01222
      2605.15     0.976460
      2605.25     0.988230
      2605.35      1.04753
      2605.45     0.952467
      2605.55     0.971028
      2605.65      1.00634
      2605.75     0.995020
      2605.85     0.989135
      2605.95     0.977365
      2606.05     0.983250
      2606.15     0.987777
      2606.25     0.980081
      2606.35      1.01132
      2606.45      1.01584
      2606.55      1.02128
      2606.65     0.971933
      2606.75      1.01675
      2606.85      1.00951
      2606.95     0.980534
      2607.05      1.05523
      2607.15     0.994115
      2607.25      1.00498
      2607.35     0.969217
      2607.45     0.961974
      2607.55     0.995473
      2607.65     0.989135
      2607.75     0.983250
      2607.85     0.982798
      2607.95      1.02988
      2608.05     0.978271
      2608.15     0.991852
      2608.25     0.945677
      2608.35     0.978271
      2608.45      1.03350
      2608.55      1.02897
      2608.65      1.02626
      2608.75     0.995473
      2608.85      1.02897
      2608.95      1.02761
      2609.05     0.986872
      2609.15     0.967859
      2609.25     0.966048
      2609.35     0.997737
      2609.45     0.989135
      2609.55      1.00589
      2609.65      1.02626
      2609.75     0.990946
      2609.85      1.01720
      2609.95      1.01630
      2610.05     0.997737
      2610.15      1.02037
      2610.25      1.03757
      2610.35     0.955636
      2610.45     0.950656
      2610.55      1.03440
      2610.65     0.996831
      2610.75      1.01313
      2610.85     0.972838
      2610.95      1.07560
      2611.05      1.03440
      2611.15      1.04346
      2611.25      1.03124
      2611.35      1.00589
      2611.45     0.995473
      2611.55      1.00860
      2611.65      1.04663
      2611.75      1.02943
      2611.85      1.04617
      2611.95      1.02309
      2612.05      1.06383
      2612.15      1.06111
      2612.25      1.10638
      2612.35      1.02082
      2612.45      1.03667
      2612.55      1.01901
      2612.65      1.00045
      2612.75     0.946130
      2612.85     0.961068
      2612.95     0.988230
      2613.05     0.969217
      2613.15      1.02761
      2613.25     0.991852
      2613.35     0.987777
      2613.45     0.956994
      2613.55     0.955183
      2613.65      1.01177
      2613.75     0.990946
      2613.85     0.969670
      2613.95      1.03576
      2614.05     0.979629
      2614.15     0.972838
      2614.25      1.02490
      2614.35     0.994115
      2614.45     0.991852
      2614.55      1.01811
      2614.65     0.986872
      2614.75      1.01177
      2614.85      1.02309
      2614.95     0.985967
      2615.05     0.963332
      2615.15     0.976460
      2615.25     0.985061
      2615.35     0.986419
      2615.45     0.999547
      2615.55     0.976460
      2615.65     0.986872
      2615.75      1.00996
      2615.85      1.00951
      2615.95      1.02761
      2616.05     0.987325
      2616.15      1.01494
      2616.25      1.00679
      2616.35     0.974196
      2616.45      1.00226
      2616.55      1.00905
      2616.65      1.01675
      2616.75      1.04482
      2616.85     0.970122
      2616.95      1.00407
      2617.05      1.01358
      2617.15     0.988683
      2617.25     0.976913
      2617.35     0.975102
      2617.45     0.962879
      2617.55     0.994115
      2617.65     0.991399
      2617.75      1.00226
      2617.85     0.988683
      2617.95      1.00770
      2618.05     0.975555
      2618.15      1.01358
      2618.25      1.02082
      2618.35      1.01720
      2618.45      1.01449
      2618.55      1.00860
      2618.65     0.997284
      2618.75     0.984156
      2618.85      1.02399
      2618.95      1.04301
      2619.05     0.994115
      2619.15     0.990041
      2619.25     0.993210
      2619.35      1.00045
      2619.45     0.969217
      2619.55     0.975102
      2619.65     0.992757
      2619.75      1.00860
      2619.85      1.02218
      2619.95     0.985514
      2620.05     0.965595
      2620.15     0.997737
      2620.25     0.985061
      2620.35     0.974196
      2620.45     0.977365
      2620.55     0.961521
      2620.65     0.978271
      2620.75     0.989588
      2620.85      1.00136
      2620.95      1.02037
      2621.05      1.01041
      2621.15      1.00543
      2621.25     0.993662
      2621.35     0.995020
      2621.45     0.976913
      2621.55      1.01313
      2621.65      1.00543
      2621.75     0.981892
      2621.85     0.988683
      2621.95     0.978271
      2622.05     0.988683
      2622.15      1.00272
      2622.25     0.956089
      2622.35      1.02671
      2622.45      1.00770
      2622.55     0.991852
      2622.65     0.961521
      2622.75      1.00679
      2622.85      1.00226
      2622.95     0.961068
      2623.05      1.00317
      2623.15     0.980987
      2623.25     0.989135
      2623.35      1.01992
      2623.45     0.984156
      2623.55     0.994115
      2623.65     0.983703
      2623.75     0.999547
      2623.85      1.02128
      2623.95     0.986872
      2624.05     0.973744
      2624.15     0.984608
      2624.25      1.00136
      2624.35      1.00136
      2624.45      1.00905
      2624.55      1.04889
      2624.65      1.00045
      2624.75      1.01086
      2624.85      1.01992
      2624.95      1.00407
      2625.05      1.02128
      2625.15      1.02309
      2625.25     0.971933
      2625.35      1.03395
      2625.45      1.06338
      2625.55      1.03305
      2625.65      1.03124
      2625.75      1.02988
      2625.85      1.02761
      2625.95      1.08013
      2626.05      1.10231
      2626.15      1.05568
      2626.25      1.01856
      2626.35     0.985967
      2626.45      1.05342
      2626.55      1.00045
      2626.65      1.02761
      2626.75     0.989135
      2626.85      1.01992
      2626.95     0.981440
      2627.05     0.990493
      2627.15     0.973744
      2627.25     0.955183
      2627.35      1.00815
      2627.45     0.988230
      2627.55     0.973744
      2627.65     0.995020
      2627.75      1.00815
      2627.85      1.00000
      2627.95      1.00000
      2628.05      1.01449
      2628.15      1.00181
      2628.25      1.00815
      2628.35     0.987777
      2628.45     0.953373
      2628.55     0.995926
      2628.65     0.977818
      2628.75     0.988230
      2628.85      1.00498
      2628.95     0.995020
      2629.05     0.994115
      2629.15      1.01041
      2629.25      1.02943
      2629.35      1.02263
      2629.45     0.990946
      2629.55     0.986872
      2629.65      1.01811
      2629.75      1.02128
      2629.85      1.01766
      2629.95     0.994115
      2630.05      1.00453
      2630.15      1.01313
      2630.25     0.971933
      2630.35     0.971933
      2630.45      1.05206
      2630.55      1.01811
      2630.65     0.995926
      2630.75      1.00407
      2630.85     0.971028
      2630.95     0.981892
      2631.05      1.04753
      2631.15      1.05387
      2631.25      1.00362
      2631.35      1.06428
      2631.45      1.01358
      2631.55      1.00453
      2631.65      1.03848
      2631.75      1.03893
      2631.85      1.00860
      2631.95      1.00045
      2632.05      1.04391
      2632.15     0.976007
      2632.25      1.02535
      2632.35      1.00543
      2632.45     0.999095
      2632.55     0.975102
      2632.65     0.942055
      2632.75     0.977365
      2632.85      1.00498
      2632.95      1.00770
      2633.05     0.993210
      2633.15     0.959710
      2633.25     0.995020
      2633.35     0.979629
      2633.45      1.01494
      2633.55      1.01630
      2633.65     0.993210
      2633.75     0.942055
      2633.85     0.986419
      2633.95      1.00362
      2634.05      1.01720
      2634.15      1.00000
      2634.25      1.01268
      2634.35     0.971028
      2634.45      1.01811
      2634.55      1.01313
      2634.65     0.979176
      2634.75     0.986419
      2634.85      1.00000
      2634.95      1.00679
