      2780.05     0.999662
      2780.15     0.997470
      2780.25     0.999564
      2780.35     0.998233
      2780.45      1.00125
      2780.55     0.993588
      2780.65      1.00333
      2780.75      1.00020
      2780.85     0.999629
      2780.95     0.997350
      2781.05      1.00292
      2781.15     0.997023
      2781.25      1.00236
      2781.35     0.995016
      2781.45      1.00168
      2781.55      1.00091
      2781.65     0.998408
      2781.75      1.00363
      2781.85      1.00227
      2781.95     0.994558
      2782.05     0.992737
      2782.15     0.998822
      2782.25      1.00128
      2782.35     0.999695
      2782.45     0.996598
      2782.55      1.00022
      2782.65      1.00531
      2782.75     0.999858
      2782.85      1.00303
      2782.95      1.00281
      2783.05      1.00127
      2783.15     0.995005
      2783.25     0.996107
      2783.35     0.997405
      2783.45      1.00121
      2783.55     0.999422
      2783.65      1.00312
      2783.75     0.999935
      2783.85     0.999782
      2783.95     0.999651
      2784.05     0.999160
      2784.15     0.998146
      2784.25      1.00065
      2784.35     0.997099
      2784.45      1.00579
      2784.55     0.994929
      2784.65      1.00347
      2784.75     0.998942
      2784.85      1.00688
      2784.95     0.999477
      2785.05     0.989509
      2785.15      1.00505
      2785.25     0.992290
      2785.35      1.00047
      2785.45     0.994286
      2785.55     0.997056
      2785.65     0.993413
      2785.75     0.998735
      2785.85      1.00156
      2785.95     0.994842
      2786.05      1.00541
      2786.15     0.995354
      2786.25     0.995224
      2786.35     0.998255
      2786.45     0.999019
      2786.55     0.997503
      2786.65     0.998441
      2786.75     0.993839
      2786.85     0.993751
      2786.95     0.982432
      2787.05     0.947993
      2787.15     0.906237
      2787.25     0.889432
      2787.35     0.881144
      2787.45     0.883467
      2787.55     0.885986
      2787.65     0.876422
      2787.75     0.871264
      2787.85     0.873107
      2787.95     0.861798
      2788.05     0.867959
      2788.15     0.868276
      2788.25     0.865724
      2788.35     0.866389
      2788.45     0.855833
      2788.55     0.858821
      2788.65     0.848995
      2788.75     0.846890
      2788.85     0.848701
      2788.95     0.841634
      2789.05     0.835309
      2789.15     0.841121
      2789.25     0.836519
      2789.35     0.835647
      2789.45     0.828035
      2789.55     0.823597
      2789.65     0.816399
      2789.75     0.814807
      2789.85     0.810903
      2789.95     0.805091
      2790.05     0.797250
      2790.15     0.798002
      2790.25     0.793411
      2790.35     0.786988
      2790.45     0.781906
      2790.55     0.774556
      2790.65     0.770565
      2790.75     0.765385
      2790.85     0.754196
      2790.95     0.751917
      2791.05     0.748013
      2791.15     0.736333
      2791.25     0.732265
      2791.35     0.723519
      2791.45     0.714523
      2791.55     0.705460
      2791.65     0.695809
      2791.75     0.685067
      2791.85     0.681043
      2791.95     0.670356
      2792.05     0.654849
      2792.15     0.648011
      2792.25     0.640945
      2792.35     0.627760
      2792.45     0.615536
      2792.55     0.605666
      2792.65     0.592373
      2792.75     0.581522
      2792.85     0.567040
      2792.95     0.554412
      2793.05     0.541086
      2793.15     0.523463
      2793.25     0.510147
      2793.35     0.498326
      2793.45     0.487606
      2793.55     0.472830
      2793.65     0.457868
      2793.75     0.443593
      2793.85     0.429492
      2793.95     0.419841
      2794.05     0.412633
      2794.15     0.403003
      2794.25     0.394803
      2794.35     0.385620
      2794.45     0.387583
      2794.55     0.388063
      2794.65     0.387158
      2794.75     0.396209
      2794.85     0.412327
      2794.95     0.422000
      2795.05     0.444334
      2795.15     0.458457
      2795.25     0.479395
      2795.35     0.502830
      2795.45     0.523681
      2795.55     0.547454
      2795.65     0.568076
      2795.75     0.594554
      2795.85     0.619538
      2795.95     0.652941
      2796.05     0.773956
      2796.15      1.22288
      2796.25      1.46490
      2796.35      1.55314
      2796.45      1.65330
      2796.55      1.79628
      2796.65      1.90323
      2796.75      1.90060
      2796.85      1.78736
      2796.95      1.65161
      2797.05      1.52655
      2797.15      1.43098
      2797.25      1.36817
      2797.35      1.33760
      2797.45      1.29664
      2797.55      1.25982
      2797.65      1.22586
      2797.75      1.20310
      2797.85      1.18190
      2797.95      1.15476
      2798.05      1.14214
      2798.15      1.11264
      2798.25      1.09688
      2798.35      1.08043
      2798.45      1.05259
      2798.55      1.04187
      2798.65      1.02005
      2798.75      1.00998
      2798.85     0.991309
      2798.95     0.976085
      2799.05     0.961330
      2799.15     0.946390
      2799.25     0.928560
      2799.35     0.917524
      2799.45     0.903347
      2799.55     0.890042
      2799.65     0.877414
      2799.75     0.857850
      2799.85     0.850718
      2799.95     0.833226
      2800.05     0.816977
      2800.15     0.802037
      2800.25     0.785919
      2800.35     0.773367
      2800.45     0.753683
      2800.55     0.732593
      2800.65     0.715319
      2800.75     0.694250
      2800.85     0.680945
      2800.95     0.659429
      2801.05     0.636648
      2801.15     0.612809
      2801.25     0.593485
      2801.35     0.568381
      2801.45     0.544357
      2801.55     0.521402
      2801.65     0.505458
      2801.75     0.485131
      2801.85     0.465883
      2801.95     0.451652
      2802.05     0.439525
      2802.15     0.435479
      2802.25     0.434956
      2802.35     0.442328
      2802.45     0.451652
      2802.55     0.470779
      2802.65     0.494727
      2802.75     0.517639
      2802.85     0.546614
      2802.95     0.572722
      2803.05     0.611686
      2803.15     0.691371
      2803.25      1.09534
      2803.35      1.51451
      2803.45      1.63386
      2803.55      1.66584
      2803.65      1.75561
      2803.75      1.86703
      2803.85      1.94942
      2803.95      1.91810
      2804.05      1.78602
      2804.15      1.62515
      2804.25      1.51558
      2804.35      1.43045
      2804.45      1.39479
      2804.55      1.35354
      2804.65      1.32242
      2804.75      1.29486
      2804.85      1.26915
      2804.95      1.25132
      2805.05      1.22519
      2805.15      1.20585
      2805.25      1.19874
      2805.35      1.18095
      2805.45      1.16719
      2805.55      1.15817
      2805.65      1.14909
      2805.75      1.13328
      2805.85      1.12360
      2805.95      1.11921
      2806.05      1.11969
      2806.15      1.10321
      2806.25      1.10448
      2806.35      1.09681
      2806.45      1.09303
      2806.55      1.08792
      2806.65      1.08218
      2806.75      1.07349
      2806.85      1.07741
      2806.95      1.06868
      2807.05      1.07055
      2807.15      1.05826
      2807.25      1.05876
      2807.35      1.05130
      2807.45      1.05556
      2807.55      1.04773
      2807.65      1.05037
      2807.75      1.04409
      2807.85      1.04183
      2807.95      1.03948
      2808.05      1.03893
      2808.15      1.04128
      2808.25      1.03626
      2808.35      1.03159
      2808.45      1.02920
      2808.55      1.02298
      2808.65      1.03092
      2808.75      1.02479
      2808.85      1.02625
      2808.95      1.02191
      2809.05      1.01954
      2809.15      1.02249
      2809.25      1.02084
      2809.35      1.01604
      2809.45      1.01249
      2809.55      1.02176
      2809.65      1.01844
      2809.75      1.00617
      2809.85      1.00957
      2809.95      1.01207
      2810.05      1.01060
      2810.15      1.00988
      2810.25      1.00806
      2810.35      1.00866
      2810.45      1.00726
      2810.55      1.01020
      2810.65      1.00457
      2810.75      1.00243
      2810.85      1.00711
      2810.95     0.996587
      2811.05     0.998179
      2811.15      1.00008
      2811.25      1.00313
      2811.35      1.00201
      2811.45      1.00309
      2811.55     0.994427
      2811.65     0.999487
      2811.75      1.00434
      2811.85     0.996074
      2811.95     0.992399
      2812.05     0.993359
      2812.15      1.00109
      2812.25     0.996925
      2812.35     0.998124
      2812.45      1.00062
      2812.55     0.998833
      2812.65     0.993751
      2812.75     0.999749
      2812.85     0.996379
      2812.95      1.00467
      2813.05      1.00038
      2813.15      1.00623
      2813.25     0.999128
      2813.35     0.994308
      2813.45     0.998997
      2813.55      1.00065
      2813.65     0.999117
      2813.75     0.991767
      2813.85     0.992715
      2813.95     0.996598
      2814.05     0.999815
      2814.15     0.999618
      2814.25      1.00393
      2814.35      1.00510
      2814.45      1.00382
      2814.55      1.00233
      2814.65      1.00330
      2814.75      1.00394
      2814.85      1.00143
      2814.95      1.00232
      2815.05      1.00209
      2815.15     0.999509
      2815.25      1.00517
      2815.35     0.995998
      2815.45     0.999149
      2815.55      1.00161
      2815.65     0.993980
      2815.75     0.995245
      2815.85      1.00364
      2815.95      1.00402
      2816.05      1.00043
      2816.15      1.00229
      2816.25     0.995354
      2816.35      1.00397
      2816.45     0.992606
      2816.55      1.00405
      2816.65     0.999357
      2816.75     0.999237
      2816.85     0.993937
      2816.95      1.00000
      2817.05     0.996663
      2817.15      1.00344
      2817.25      1.00061
      2817.35     0.998986
      2817.45     0.999956
      2817.55      1.00060
      2817.65      1.00194
      2817.75     0.998452
      2817.85      1.00359
      2817.95     0.994504
      2818.05      1.00129
      2818.15     0.996663
      2818.25      1.00113
      2818.35      1.00515
      2818.45     0.997154
      2818.55     0.999215
      2818.65      1.00005
      2818.75     0.998092
      2818.85     0.991679
      2818.95      1.00024
      2819.05     0.998833
      2819.15     0.999422
      2819.25     0.999684
      2819.35      1.00057
      2819.45      1.00357
      2819.55      1.00418
      2819.65     0.998004
      2819.75      1.00149
      2819.85     0.997884
      2819.95      1.00724
