      2780.05     0.989583
      2780.15     0.981571
      2780.25     0.978365
      2780.35     0.964343
      2780.45     0.969551
      2780.55     0.992788
      2780.65     0.985577
      2780.75      1.00280
      2780.85     0.970753
      2780.95      1.00200
      2781.05      1.03325
      2781.15     0.982372
      2781.25     0.994391
      2781.35      1.00761
      2781.45     0.991987
      2781.55     0.996795
      2781.65      1.00641
      2781.75     0.996795
      2781.85      1.01442
      2781.95      1.00881
      2782.05     0.996795
      2782.15      1.02244
      2782.25      1.00962
      2782.35     0.971555
      2782.45      1.01322
      2782.55      1.01482
      2782.65      1.01522
      2782.75     0.993590
      2782.85      1.03205
      2782.95     0.984375
      2783.05     0.991587
      2783.15     0.998397
      2783.25      1.01162
      2783.35      1.00641
      2783.45      1.03325
      2783.55      1.00160
      2783.65     0.970353
      2783.75      1.01042
      2783.85      1.02724
      2783.95     0.993590
      2784.05      1.01322
      2784.15      1.00160
      2784.25     0.980369
      2784.35      1.00601
      2784.45      1.00120
      2784.55      1.00601
      2784.65      1.01603
      2784.75      1.04728
      2784.85     0.996394
      2784.95      1.00921
      2785.05      1.02284
      2785.15     0.993990
      2785.25     0.984776
      2785.35     0.997997
      2785.45      1.00481
      2785.55      1.00040
      2785.65     0.983574
      2785.75     0.983574
      2785.85     0.982772
      2785.95     0.995192
      2786.05     0.979567
      2786.15      1.00481
      2786.25     0.996394
      2786.35      1.02604
      2786.45      1.00200
      2786.55      1.00721
      2786.65      1.00681
      2786.75      1.00080
      2786.85      1.04447
      2786.95     0.960337
      2787.05      1.00481
      2787.15     0.973157
      2787.25      1.02163
      2787.35      1.03005
      2787.45     0.995192
      2787.55      1.03165
      2787.65      1.03205
      2787.75     0.989183
      2787.85      1.00000
      2787.95     0.997196
      2788.05     0.991987
      2788.15     0.979167
      2788.25      1.01002
      2788.35     0.974359
      2788.45      1.00280
      2788.55      1.00641
      2788.65     0.979567
      2788.75      1.03846
      2788.85     0.995994
      2788.95     0.970353
      2789.05      1.01803
      2789.15      1.00040
      2789.25     0.994391
      2789.35      1.00841
      2789.45      1.01002
      2789.55      1.01843
      2789.65      1.00361
      2789.75      1.03085
      2789.85     0.968349
      2789.95     0.959535
      2790.05     0.934696
      2790.15     0.930288
      2790.25     0.910256
      2790.35     0.903846
      2790.45     0.895032
      2790.55     0.853365
      2790.65     0.844151
      2790.75     0.860577
      2790.85     0.858574
      2790.95     0.828926
      2791.05     0.816506
      2791.15     0.843349
      2791.25     0.814103
      2791.35     0.803686
      2791.45     0.790865
      2791.55     0.806490
      2791.65     0.791667
      2791.75     0.784055
      2791.85     0.761218
      2791.95     0.772035
      2792.05     0.743189
      2792.15     0.736779
      2792.25     0.732372
      2792.35     0.717548
      2792.45     0.711138
      2792.55     0.706330
      2792.65     0.708734
      2792.75     0.697917
      2792.85     0.670272
      2792.95     0.714343
      2793.05     0.669471
      2793.15     0.649439
      2793.25     0.675881
      2793.35     0.660657
      2793.45     0.681490
      2793.55     0.671074
      2793.65     0.658253
      2793.75     0.673878
      2793.85     0.669872
      2793.95     0.665865
      2794.05     0.639824
      2794.15     0.687099
      2794.25     0.647837
      2794.35     0.679487
      2794.45     0.687099
      2794.55     0.703526
      2794.65     0.732772
      2794.75     0.740785
      2794.85     0.738782
      2794.95     0.754006
      2795.05     0.763622
      2795.15     0.751202
      2795.25     0.806090
      2795.35     0.836939
      2795.45     0.874199
      2795.55     0.889423
      2795.65     0.959535
      2795.75     0.989183
      2795.85      1.02123
      2795.95      1.10136
      2796.05      1.07772
      2796.15      1.17829
      2796.25      1.22716
      2796.35      1.50561
      2796.45      1.81530
      2796.55      1.84375
      2796.65      1.83293
      2796.75      1.73117
      2796.85      1.72035
      2796.95      1.68790
      2797.05      1.54207
      2797.15      1.54728
      2797.25      1.45393
      2797.35      1.44351
      2797.45      1.37300
      2797.55      1.31971
      2797.65      1.30048
      2797.75      1.31210
      2797.85      1.23758
      2797.95      1.18950
      2798.05      1.19071
      2798.15      1.15104
      2798.25      1.12139
      2798.35      1.06811
      2798.45      1.10938
      2798.55      1.04928
      2798.65      1.04327
      2798.75      1.00881
      2798.85     0.993990
      2798.95      1.01242
      2799.05      1.01603
      2799.15     0.981170
      2799.25     0.952324
      2799.35     0.963542
      2799.45     0.922276
      2799.55     0.953125
      2799.65     0.909455
      2799.75     0.892228
      2799.85     0.923478
      2799.95     0.900240
      2800.05     0.872196
      2800.15     0.893029
      2800.25     0.892228
      2800.35     0.851362
      2800.45     0.882612
      2800.55     0.850561
      2800.65     0.842949
      2800.75     0.848157
      2800.85     0.843750
      2800.95     0.842949
      2801.05     0.824119
      2801.15     0.792869
      2801.25     0.783253
      2801.35     0.826522
      2801.45     0.846955
      2801.55     0.807692
      2801.65     0.842548
      2801.75     0.799680
      2801.85     0.817708
      2801.95     0.826923
      2802.05     0.830128
      2802.15     0.864984
      2802.25     0.879006
      2802.35     0.867388
      2802.45     0.888221
      2802.55     0.900240
      2802.65     0.879006
      2802.75     0.934295
      2802.85     0.941907
      2802.95     0.962740
      2803.05      1.02043
      2803.15      1.06931
      2803.25      1.07091
      2803.35      1.16346
      2803.45      1.25401
      2803.55      1.39463
      2803.65      1.51482
      2803.75      1.58053
      2803.85      1.46554
      2803.95      1.48758
      2804.05      1.41667
      2804.15      1.37300
      2804.25      1.34696
      2804.35      1.29968
      2804.45      1.29046
      2804.55      1.25000
      2804.65      1.24960
      2804.75      1.23478
      2804.85      1.21835
      2804.95      1.19591
      2805.05      1.15304
      2805.15      1.16466
      2805.25      1.13902
      2805.35      1.16787
      2805.45      1.13702
      2805.55      1.11619
      2805.65      1.10417
      2805.75      1.09856
      2805.85      1.07532
      2805.95      1.12580
      2806.05      1.08293
      2806.15      1.11218
      2806.25      1.10256
      2806.35      1.05689
      2806.45      1.07051
      2806.55      1.07011
      2806.65      1.05929
      2806.75      1.04607
      2806.85      1.04207
      2806.95      1.06170
      2807.05      1.07252
      2807.15      1.01402
      2807.25      1.00681
      2807.35      1.06490
      2807.45      1.05569
      2807.55      1.00120
      2807.65      1.05569
      2807.75      1.05649
      2807.85     0.997196
      2807.95      1.02083
      2808.05      1.02043
      2808.15      1.01082
      2808.25      1.02284
      2808.35      1.02123
      2808.45     0.999599
      2808.55      1.02804
      2808.65      1.04407
      2808.75      1.04127
      2808.85      1.02724
      2808.95      1.00280
      2809.05      1.01082
      2809.15      1.03405
      2809.25      1.03846
      2809.35     0.993590
      2809.45      1.00441
      2809.55      1.03205
      2809.65     0.977564
      2809.75     0.977163
      2809.85      1.00000
      2809.95     0.978365
      2810.05      1.01162
      2810.15      1.00441
      2810.25      1.00881
      2810.35      1.01763
      2810.45      1.02885
      2810.55     0.989984
      2810.65      1.02644
      2810.75     0.971154
      2810.85     0.976763
      2810.95      1.04046
      2811.05     0.996394
      2811.15     0.987981
      2811.25     0.995593
      2811.35      1.02404
      2811.45      1.00321
      2811.55     0.985176
      2811.65      1.01442
      2811.75      1.01522
      2811.85      1.02564
      2811.95     0.992388
      2812.05      1.01563
      2812.15     0.997196
      2812.25      1.00000
      2812.35     0.985176
      2812.45     0.994792
      2812.55      1.00481
      2812.65      1.01082
      2812.75      1.00721
      2812.85     0.974359
      2812.95      1.00521
      2813.05      1.00921
      2813.15     0.997196
      2813.25      1.00921
      2813.35      1.02724
      2813.45      1.00962
      2813.55     0.997196
      2813.65     0.985978
      2813.75      1.02404
      2813.85     0.993590
      2813.95      1.03405
      2814.05     0.998798
      2814.15     0.993189
      2814.25     0.969952
      2814.35      1.04567
      2814.45      1.00240
      2814.55     0.973958
      2814.65     0.991987
      2814.75     0.984375
      2814.85     0.978766
      2814.95      1.02684
      2815.05      1.01763
      2815.15     0.998798
      2815.25      1.01322
      2815.35     0.977965
      2815.45     0.998798
      2815.55      1.01442
      2815.65      1.02965
      2815.75      1.02804
      2815.85      1.01883
      2815.95      1.00160
      2816.05     0.969551
      2816.15     0.971955
      2816.25     0.975160
      2816.35      1.04087
      2816.45     0.992788
      2816.55     0.994391
      2816.65      1.00361
      2816.75      1.00721
      2816.85      1.00000
      2816.95     0.975561
      2817.05     0.991987
      2817.15     0.999199
      2817.25     0.979968
      2817.35     0.981971
      2817.45      1.02764
      2817.55      1.00200
      2817.65      1.02524
      2817.75     0.990385
      2817.85      1.01723
      2817.95     0.978365
      2818.05     0.991186
      2818.15     0.983173
      2818.25     0.997997
      2818.35     0.985577
      2818.45     0.997596
      2818.55      1.07652
      2818.65      1.01522
      2818.75      1.00681
      2818.85      1.00962
      2818.95      1.00000
      2819.05      1.01322
      2819.15      1.00881
      2819.25     0.973958
      2819.35      1.01202
      2819.45      1.01202
      2819.55     0.971555
      2819.65      1.01803
      2819.75     0.980369
      2819.85     0.995994
      2819.95     0.989984
