      2780.05     0.995727
      2780.15     0.991255
      2780.25      1.00491
      2780.35     0.991774
      2780.45     0.993651
      2780.55      1.00735
      2780.65     0.987981
      2780.75      1.00295
      2780.85     0.995328
      2780.95     0.999002
      2781.05     0.986544
      2781.15     0.996287
      2781.25     0.980075
      2781.35     0.999720
      2781.45      1.01026
      2781.55     0.996965
      2781.65     0.992853
      2781.75      1.00982
      2781.85     0.989379
      2781.95      1.00052
      2782.05     0.992533
      2782.15     0.992932
      2782.25      1.00080
      2782.35      1.00407
      2782.45     0.988820
      2782.55     0.997365
      2782.65     0.998243
      2782.75     0.990537
      2782.85     0.992813
      2782.95      1.00627
      2783.05      1.00036
      2783.15     0.993292
      2783.25      1.00555
      2783.35      1.00759
      2783.45      1.00056
      2783.55      1.00260
      2783.65     0.994689
      2783.75      1.00563
      2783.85      1.00068
      2783.95      1.00355
      2784.05     0.998882
      2784.15     0.994290
      2784.25      1.00831
      2784.35      1.00020
      2784.45      1.00399
      2784.55      1.00016
      2784.65     0.998842
      2784.75     0.998403
      2784.85      1.00116
      2784.95      1.00555
      2785.05     0.992813
      2785.15     0.994250
      2785.25      1.00463
      2785.35      1.00299
      2785.45      1.00192
      2785.55     0.997564
      2785.65     0.995089
      2785.75     0.998562
      2785.85     0.992813
      2785.95     0.986943
      2786.05     0.995408
      2786.15     0.999760
      2786.25     0.995727
      2786.35     0.982551
      2786.45     0.983349
      2786.55     0.986144
      2786.65     0.984427
      2786.75     0.976681
      2786.85     0.938428
      2786.95     0.818719
      2787.05     0.563768
      2787.15     0.388716
      2787.25     0.317641
      2787.35     0.296638
      2787.45     0.291048
      2787.55     0.288652
      2787.65     0.276473
      2787.75     0.278470
      2787.85     0.266970
      2787.95     0.271762
      2788.05     0.266651
      2788.15     0.259383
      2788.25     0.255430
      2788.35     0.247564
      2788.45     0.250399
      2788.55     0.241575
      2788.65     0.241295
      2788.75     0.242413
      2788.85     0.236464
      2788.95     0.233309
      2789.05     0.226801
      2789.15     0.229796
      2789.25     0.226481
      2789.35     0.226122
      2789.45     0.223407
      2789.55     0.217377
      2789.65     0.221291
      2789.75     0.220572
      2789.85     0.216299
      2789.95     0.217897
      2790.05     0.220093
      2790.15     0.217337
      2790.25     0.220053
      2790.35     0.219773
      2790.45     0.219613
      2790.55     0.217457
      2790.65     0.227480
      2790.75     0.227559
      2790.85     0.236304
      2790.95     0.240497
      2791.05     0.237422
      2791.15     0.243172
      2791.25     0.251637
      2791.35     0.255191
      2791.45     0.261500
      2791.55     0.270724
      2791.65     0.271682
      2791.75     0.277991
      2791.85     0.283381
      2791.95     0.287454
      2792.05     0.301150
      2792.15     0.302867
      2792.25     0.319997
      2792.35     0.322632
      2792.45     0.334012
      2792.55     0.346830
      2792.65     0.357052
      2792.75     0.367074
      2792.85     0.378334
      2792.95     0.392389
      2793.05     0.399297
      2793.15     0.406684
      2793.25     0.423894
      2793.35     0.444138
      2793.45     0.450647
      2793.55     0.462426
      2793.65     0.475244
      2793.75     0.494570
      2793.85     0.507187
      2793.95     0.518008
      2794.05     0.537973
      2794.15     0.547436
      2794.25     0.551949
      2794.35     0.558098
      2794.45     0.546997
      2794.55     0.544602
      2794.65     0.537055
      2794.75     0.543404
      2794.85     0.555862
      2794.95     0.559176
      2795.05     0.561652
      2795.15     0.557339
      2795.25     0.566763
      2795.35     0.575787
      2795.45     0.576106
      2795.55     0.585889
      2795.65     0.592198
      2795.75     0.613001
      2795.85     0.621546
      2795.95     0.635162
      2796.05     0.662155
      2796.15     0.692621
      2796.25     0.747964
      2796.35     0.851461
      2796.45     0.962226
      2796.55      1.06085
      2796.65      1.10402
      2796.75      1.13564
      2796.85      1.15265
      2796.95      1.20747
      2797.05      1.21235
      2797.15      1.17453
      2797.25      1.11739
      2797.35      1.06700
      2797.45      1.03566
      2797.55     0.993412
      2797.65     0.961069
      2797.75     0.913951
      2797.85     0.894146
      2797.95     0.859407
      2798.05     0.836408
      2798.15     0.815645
      2798.25     0.792845
      2798.35     0.778310
      2798.45     0.760661
      2798.55     0.743252
      2798.65     0.737941
      2798.75     0.725882
      2798.85     0.709871
      2798.95     0.718176
      2799.05     0.690624
      2799.15     0.697173
      2799.25     0.684395
      2799.35     0.691184
      2799.45     0.681640
      2799.55     0.675771
      2799.65     0.675571
      2799.75     0.680802
      2799.85     0.678965
      2799.95     0.691223
      2800.05     0.692781
      2800.15     0.706916
      2800.25     0.705718
      2800.35     0.714103
      2800.45     0.733389
      2800.55     0.729835
      2800.65     0.754871
      2800.75     0.765812
      2800.85     0.779348
      2800.95     0.789411
      2801.05     0.805223
      2801.15     0.832016
      2801.25     0.848507
      2801.35     0.848267
      2801.45     0.876497
      2801.55     0.891191
      2801.65     0.906844
      2801.75     0.934955
      2801.85     0.946055
      2801.95     0.975683
      2802.05     0.994250
      2802.15      1.01541
      2802.25      1.04205
      2802.35      1.08249
      2802.45      1.09803
      2802.55      1.12817
      2802.65      1.15920
      2802.75      1.20556
      2802.85      1.23914
      2802.95      1.28230
      2803.05      1.34399
      2803.15      1.40101
      2803.25      1.51094
      2803.35      1.73391
      2803.45      2.09104
      2803.55      2.40109
      2803.65      2.74138
      2803.75      3.04081
      2803.85      3.15361
      2803.95      3.24361
      2804.05      3.32946
      2804.15      3.37266
      2804.25      3.23059
      2804.35      3.06121
      2804.45      2.91866
      2804.55      2.76414
      2804.65      2.68975
      2804.75      2.58429
      2804.85      2.52100
      2804.95      2.44038
      2805.05      2.37450
      2805.15      2.30670
      2805.25      2.25120
      2805.35      2.21011
      2805.45      2.16012
      2805.55      2.12490
      2805.65      2.08054
      2805.75      2.03925
      2805.85      1.99824
      2805.95      1.96858
      2806.05      1.94797
      2806.15      1.91898
      2806.25      1.89722
      2806.35      1.87071
      2806.45      1.81984
      2806.55      1.82894
      2806.65      1.79732
      2806.75      1.75663
      2806.85      1.74165
      2806.95      1.71546
      2807.05      1.69813
      2807.15      1.69378
      2807.25      1.66751
      2807.35      1.65676
      2807.45      1.61460
      2807.55      1.60889
      2807.65      1.56972
      2807.75      1.55486
      2807.85      1.55299
      2807.95      1.51849
      2808.05      1.50619
      2808.15      1.47049
      2808.25      1.48575
      2808.35      1.44530
      2808.45      1.42980
      2808.55      1.40744
      2808.65      1.40117
      2808.75      1.37426
      2808.85      1.36699
      2808.95      1.34623
      2809.05      1.34647
      2809.15      1.31916
      2809.25      1.29684
      2809.35      1.27783
      2809.45      1.26521
      2809.55      1.24050
      2809.65      1.24609
      2809.75      1.22049
      2809.85      1.19362
      2809.95      1.18080
      2810.05      1.15628
      2810.15      1.14171
      2810.25      1.13772
      2810.35      1.12654
      2810.45      1.10434
      2810.55      1.09112
      2810.65      1.08657
      2810.75      1.07403
      2810.85      1.06489
      2810.95      1.05031
      2811.05      1.06081
      2811.15      1.05762
      2811.25      1.04911
      2811.35      1.04193
      2811.45      1.04536
      2811.55      1.03254
      2811.65      1.03650
      2811.75      1.02504
      2811.85      1.02412
      2811.95      1.02160
      2812.05      1.02052
      2812.15      1.01226
      2812.25      1.01370
      2812.35      1.01473
      2812.45      1.01469
      2812.55      1.00711
      2812.65      1.01445
      2812.75      1.00986
      2812.85     0.999960
      2812.95     0.997484
      2813.05     0.998363
      2813.15      1.00144
      2813.25     0.991415
      2813.35     0.998882
      2813.45     0.995608
      2813.55     0.995568
      2813.65     0.994969
      2813.75     0.998243
      2813.85      1.01481
      2813.95     0.998323
      2814.05     0.989658
      2814.15      1.00000
      2814.25      1.00056
      2814.35      1.00791
      2814.45     0.996207
      2814.55     0.987342
      2814.65      1.00335
      2814.75      1.00216
      2814.85      1.00307
      2814.95     0.995927
      2815.05      1.00603
      2815.15     0.997724
      2815.25      1.00455
      2815.35      1.00264
      2815.45     0.990137
      2815.55      1.00870
      2815.65     0.986144
      2815.75     0.990537
      2815.85     0.992294
      2815.95     0.992413
      2816.05      1.01098
      2816.15     0.989339
      2816.25      1.00176
      2816.35     0.997724
      2816.45      1.00291
      2816.55      1.00667
      2816.65      1.00136
      2816.75      1.00120
      2816.85      1.00240
      2816.95     0.996406
      2817.05     0.994250
      2817.15     0.995927
      2817.25     0.996366
      2817.35      1.00244
      2817.45      1.00471
      2817.55      1.00291
      2817.65     0.978837
      2817.75      1.00783
      2817.85     0.993531
      2817.95      1.00303
      2818.05      1.00220
      2818.15     0.999361
      2818.25     0.997764
      2818.35      1.00835
      2818.45     0.989778
      2818.55      1.00383
      2818.65     0.990297
      2818.75     0.985466
      2818.85      1.01425
      2818.95      1.00643
      2819.05     0.999281
      2819.15      1.00819
      2819.25     0.994729
      2819.35     0.997804
      2819.45     0.990856
      2819.55      1.00232
      2819.65     0.994011
      2819.75      1.00000
      2819.85     0.991974
      2819.95      1.00759
