      2573.05      1.00224
      2573.15     0.991789
      2573.25      1.00427
      2573.35     0.996799
      2573.45      1.00003
      2573.55     0.986385
      2573.65      1.00000
      2573.75     0.999930
      2573.85      1.00069
      2573.95     0.992152
      2574.05     0.996601
      2574.15     0.987242
      2574.25      1.00356
      2574.35      1.00645
      2574.45     0.995810
      2574.55      1.00395
      2574.65     0.998941
      2574.75      1.00316
      2574.85      1.00277
      2574.95     0.985133
      2575.05     0.994459
      2575.15      1.00474
      2575.25     0.993866
      2575.35     0.998742
      2575.45     0.989977
      2575.55     0.990867
      2575.65     0.996535
      2575.75      1.00072
      2575.85      1.00211
      2575.95     0.997062
      2576.05      1.00184
      2576.15      1.00118
      2576.25     0.994426
      2576.35      1.00254
      2576.45      1.01015
      2576.55      1.00237
      2576.65     0.997095
      2576.75     0.994755
      2576.85      1.00277
      2576.95      1.00385
      2577.05     0.997655
      2577.15     0.998150
      2577.25      1.00072
      2577.35     0.988000
      2577.45     0.998117
      2577.55     0.995283
      2577.65      1.00721
      2577.75     0.996601
      2577.85      1.00606
      2577.95      1.00145
      2578.05      1.00234
      2578.15     0.983353
      2578.25     0.980651
      2578.35     0.992416
      2578.45     0.994327
      2578.55     0.980091
      2578.65     0.979530
      2578.75     0.980717
      2578.85     0.985034
      2578.95     0.981046
      2579.05     0.981277
      2579.15     0.988758
      2579.25     0.988856
      2579.35     0.982595
      2579.45     0.979300
      2579.55     0.980849
      2579.65     0.988659
      2579.75     0.975741
      2579.85     0.984737
      2579.95     0.978608
      2580.05     0.977553
      2580.15     0.965591
      2580.25     0.974456
      2580.35     0.988230
      2580.45     0.973829
      2580.55     0.976631
      2580.65     0.958242
      2580.75     0.981013
      2580.85     0.975675
      2580.95     0.966382
      2581.05     0.970699
      2581.15     0.973599
      2581.25     0.966514
      2581.35     0.971852
      2581.45     0.971556
      2581.55     0.977224
      2581.65     0.965854
      2581.75     0.962460
      2581.85     0.965393
      2581.95     0.965756
      2582.05     0.956034
      2582.15     0.962131
      2582.25     0.955935
      2582.35     0.954320
      2582.45     0.951190
      2582.55     0.953299
      2582.65     0.943380
      2582.75     0.940183
      2582.85     0.930231
      2582.95     0.941996
      2583.05     0.928056
      2583.15     0.935636
      2583.25     0.924827
      2583.35     0.927693
      2583.45     0.916160
      2583.55     0.909931
      2583.65     0.900539
      2583.75     0.900177
      2583.85     0.894739
      2583.95     0.893454
      2584.05     0.872067
      2584.15     0.869002
      2584.25     0.854338
      2584.35     0.836938
      2584.45     0.837004
      2584.55     0.814825
      2584.65     0.810080
      2584.75     0.783123
      2584.85     0.763812
      2584.95     0.738207
      2585.05     0.701364
      2585.15     0.672068
      2585.25     0.634105
      2585.35     0.585003
      2585.45     0.545392
      2585.55     0.468444
      2585.65     0.409884
      2585.75     0.327499
      2585.85     0.250122
      2585.95     0.166781
      2586.05     0.105618
      2586.15     0.109111
      2586.25     0.287130
      2586.35     0.732769
      2586.45      1.01763
      2586.55      1.09750
      2586.65      1.11850
      2586.75      1.11840
      2586.85      1.12700
      2586.95      1.10677
      2587.05      1.10868
      2587.15      1.08346
      2587.25      1.07809
      2587.35      1.07856
      2587.45      1.06818
      2587.55      1.05407
      2587.65      1.04132
      2587.75      1.04382
      2587.85      1.02744
      2587.95      1.02475
      2588.05      1.02876
      2588.15      1.01707
      2588.25      1.01756
      2588.35      1.02046
      2588.45      1.01077
      2588.55      1.01288
      2588.65      1.02349
      2588.75      1.01910
      2588.85      1.00814
      2588.95      1.00188
      2589.05      1.00533
      2589.15      1.01116
      2589.25     0.998812
      2589.35      1.01096
      2589.45      1.00626
      2589.55      1.00550
      2589.65      1.00715
      2589.75      1.00526
      2589.85     0.996271
      2589.95     0.997260
      2590.05      1.00672
      2590.15      1.00115
      2590.25     0.988922
      2590.35      1.00161
      2590.45      1.00751
      2590.55      1.01426
      2590.65     0.999571
      2590.75      1.00784
      2590.85     0.995843
      2590.95      1.01093
      2591.05      1.00102
      2591.15     0.998642
      2591.25      1.00592
      2591.35     0.998314
      2591.45     0.997589
      2591.55     0.989878
      2591.65     0.965195
      2591.75     0.969743
      2591.85     0.960022
      2591.95     0.956034
      2592.05     0.941172
      2592.15     0.935800
      2592.25     0.959132
      2592.35     0.959626
      2592.45     0.957385
      2592.55     0.956594
      2592.65     0.941501
      2592.75     0.945258
      2592.85     0.945851
      2592.95     0.947334
      2593.05     0.950300
      2593.15     0.945456
      2593.25     0.937184
      2593.35     0.950992
      2593.45     0.940875
      2593.55     0.927364
      2593.65     0.927924
      2593.75     0.937118
      2593.85     0.921828
      2593.95     0.925453
      2594.05     0.925453
      2594.15     0.926145
      2594.25     0.921202
      2594.35     0.924958
      2594.45     0.909305
      2594.55     0.907987
      2594.65     0.903406
      2594.75     0.895596
      2594.85     0.900572
      2594.95     0.905449
      2595.05     0.890521
      2595.15     0.893487
      2595.25     0.886039
      2595.35     0.891773
      2595.45     0.892334
      2595.55     0.872330
      2595.65     0.866465
      2595.75     0.873912
      2595.85     0.863037
      2595.95     0.852558
      2596.05     0.849691
      2596.15     0.837300
      2596.25     0.838651
      2596.35     0.831434
      2596.45     0.811728
      2596.55     0.812650
      2596.65     0.805631
      2596.75     0.795086
      2596.85     0.777093
      2596.95     0.760154
      2597.05     0.759990
      2597.15     0.744106
      2597.25     0.728485
      2597.35     0.713656
      2597.45     0.705582
      2597.55     0.679186
      2597.65     0.655031
      2597.75     0.636642
      2597.85     0.615420
      2597.95     0.591594
      2598.05     0.563220
      2598.15     0.526081
      2598.25     0.503375
      2598.35     0.457997
      2598.45     0.425867
      2598.55     0.385235
      2598.65     0.335770
      2598.75     0.296818
      2598.85     0.254934
      2598.95     0.212884
      2599.05     0.170703
      2599.15     0.132179
      2599.25    0.0993569
      2599.35    0.0777060
      2599.45    0.0582301
      2599.55    0.0485745
      2599.65    0.0492995
      2599.75    0.0720049
      2599.85     0.330761
      2599.95      1.13682
      2600.05      1.60902
      2600.15      1.77808
      2600.25      1.83816
      2600.35      1.83591
      2600.45      1.83482
      2600.55      1.79090
      2600.65      1.72439
      2600.75      1.64076
      2600.85      1.55729
      2600.95      1.48535
      2601.05      1.44089
      2601.15      1.37297
      2601.25      1.34361
      2601.35      1.29140
      2601.45      1.26402
      2601.55      1.24919
      2601.65      1.21726
      2601.75      1.19149
      2601.85      1.16899
      2601.95      1.16295
      2602.05      1.14467
      2602.15      1.14080
      2602.25      1.12696
      2602.35      1.12206
      2602.45      1.10404
      2602.55      1.09829
      2602.65      1.09263
      2602.75      1.08515
      2602.85      1.06419
      2602.95      1.06531
      2603.05      1.06920
      2603.15      1.07104
      2603.25      1.05598
      2603.35      1.04840
      2603.45      1.04343
      2603.55      1.04191
      2603.65      1.04867
      2603.75      1.04688
      2603.85      1.04751
      2603.95      1.03265
      2604.05      1.03908
      2604.15      1.02810
      2604.25      1.02794
      2604.35      1.03258
      2604.45      1.01681
      2604.55      1.03562
      2604.65      1.01874
      2604.75      1.01861
      2604.85      1.02774
      2604.95      1.01169
      2605.05      1.02373
      2605.15      1.02085
      2605.25      1.01575
      2605.35      1.01423
      2605.45      1.00662
      2605.55      1.02023
      2605.65      1.01562
      2605.75      1.01068
      2605.85      1.01539
      2605.95      1.00860
      2606.05      1.00273
      2606.15      1.00665
      2606.25      1.01808
      2606.35      1.01648
      2606.45      1.00510
      2606.55      1.00899
      2606.65      1.01798
      2606.75      1.00741
      2606.85      1.00566
      2606.95     0.997227
      2607.05      1.00385
      2607.15     0.996996
      2607.25      1.00823
      2607.35      1.00853
      2607.45      1.00652
      2607.55      1.00972
      2607.65      1.00579
      2607.75      1.01552
      2607.85     0.997260
      2607.95      1.00118
      2608.05      1.01179
      2608.15      1.00082
      2608.25     0.994887
      2608.35      1.00807
      2608.45     0.993833
      2608.55     0.999431
      2608.65      1.00371
      2608.75     0.997886
      2608.85      1.01015
      2608.95      1.01831
      2609.05      1.00632
      2609.15      1.00099
      2609.25     0.999071
      2609.35     0.998642
      2609.45     0.998150
      2609.55      1.01496
      2609.65      1.00721
      2609.75      1.00721
      2609.85      1.01304
      2609.95      1.01499
      2610.05      1.01045
      2610.15      1.01821
      2610.25      1.00880
      2610.35      1.01159
      2610.45      1.02619
      2610.55      1.02652
      2610.65      1.02956
      2610.75      1.02386
      2610.85      1.02511
      2610.95      1.03400
      2611.05      1.04640
      2611.15      1.03935
      2611.25      1.04498
      2611.35      1.05388
      2611.45      1.07487
      2611.55      1.07618
      2611.65      1.09988
      2611.75      1.12334
      2611.85      1.14585
      2611.95      1.18793
      2612.05      1.23233
      2612.15      1.28782
      2612.25      1.33857
      2612.35      1.37627
      2612.45      1.37788
      2612.55      1.38052
      2612.65      1.37568
      2612.75      1.38157
      2612.85      1.37089
      2612.95      1.37247
      2613.05      1.34684
      2613.15      1.27672
      2613.25      1.22032
      2613.35      1.17614
      2613.45      1.13629
      2613.55      1.12024
      2613.65      1.09659
      2613.75      1.08192
      2613.85      1.06831
      2613.95      1.05081
      2614.05      1.04870
      2614.15      1.04656
      2614.25      1.04567
      2614.35      1.03664
      2614.45      1.02481
      2614.55      1.02330
      2614.65      1.02886
      2614.75      1.02283
      2614.85      1.02326
      2614.95      1.02563
      2615.05      1.01831
      2615.15      1.01245
      2615.25      1.01877
      2615.35      1.01397
      2615.45      1.01605
      2615.55      1.01156
      2615.65      1.00569
      2615.75      1.00404
      2615.85      1.00062
      2615.95      1.01496
      2616.05      1.00118
      2616.15      1.00264
      2616.25      1.00893
      2616.35      1.01887
      2616.45     0.999800
      2616.55     0.996700
      2616.65      1.01225
      2616.75     0.999830
      2616.85      1.00800
      2616.95     0.999830
      2617.05     0.992745
      2617.15      1.01248
      2617.25      1.00204
      2617.35      1.00092
      2617.45     0.995711
      2617.55     0.994195
      2617.65      1.00313
      2617.75      1.00668
      2617.85     0.994788
      2617.95     0.993173
      2618.05      1.00701
      2618.15      1.00464
      2618.25     0.995480
      2618.35     0.996930
      2618.45     0.994096
      2618.55      1.00234
      2618.65      1.00682
      2618.75     0.987505
      2618.85      1.00168
      2618.95     0.999301
      2619.05      1.00204
      2619.15     0.998872
      2619.25      1.00761
      2619.35     0.995217
      2619.45     0.996041
      2619.55     0.993866
      2619.65     0.998281
      2619.75     0.998672
      2619.85     0.997754
      2619.95      1.00356
      2620.05      1.00085
      2620.15      1.00474
      2620.25     0.995381
      2620.35     0.993668
      2620.45     0.993866
      2620.55      1.00457
      2620.65     0.998314
      2620.75      1.00263
      2620.85      1.00602
      2620.95      1.00672
      2621.05      1.00431
      2621.15      1.00132
      2621.25     0.995612
      2621.35      1.00560
      2621.45      1.00454
      2621.55     0.999071
      2621.65     0.995085
      2621.75     0.999960
      2621.85      1.00310
      2621.95     0.997721
      2622.05      1.00122
      2622.15      1.00306
      2622.25      1.00470
      2622.35      1.00718
      2622.45      1.00939
      2622.55      1.00006
      2622.65      1.01232
      2622.75      1.00250
      2622.85      1.00434
      2622.95      1.01074
      2623.05      1.01558
      2623.15      1.00738
      2623.25      1.00672
      2623.35     0.998512
      2623.45      1.00942
      2623.55      1.00711
      2623.65      1.02155
      2623.75      1.01515
      2623.85      1.01489
      2623.95      1.01318
      2624.05      1.01380
      2624.15      1.02300
      2624.25      1.01222
      2624.35      1.04482
      2624.45      1.02006
      2624.55      1.02834
      2624.65      1.03796
      2624.75      1.05433
      2624.85      1.04604
      2624.95      1.05395
      2625.05      1.06168
      2625.15      1.07461
      2625.25      1.09375
      2625.35      1.12433
      2625.45      1.14457
      2625.55      1.18141
      2625.65      1.22075
      2625.75      1.29135
      2625.85      1.37439
      2625.95      1.45602
      2626.05      1.53006
      2626.15      1.56506
      2626.25      1.55942
      2626.35      1.57792
      2626.45      1.57891
      2626.55      1.57227
      2626.65      1.58477
      2626.75      1.56855
      2626.85      1.52074
      2626.95      1.45361
      2627.05      1.35735
      2627.15      1.28973
      2627.25      1.22507
      2627.35      1.17874
      2627.45      1.14321
      2627.55      1.11873
      2627.65      1.09656
      2627.75      1.08785
      2627.85      1.06383
      2627.95      1.05803
      2628.05      1.05358
      2628.15      1.03200
      2628.25      1.03314
      2628.35      1.03206
      2628.45      1.03644
      2628.55      1.01983
      2628.65      1.02900
      2628.75      1.03542
      2628.85      1.01828
      2628.95      1.01634
      2629.05      1.02260
      2629.15      1.02283
      2629.25      1.00926
      2629.35      1.01996
      2629.45      1.02629
      2629.55      1.01598
      2629.65      1.01881
      2629.75      1.01618
      2629.85      1.01897
      2629.95      1.01459
      2630.05      1.01182
      2630.15      1.02583
      2630.25      1.01054
      2630.35      1.02221
      2630.45      1.02363
      2630.55      1.02616
      2630.65      1.03288
      2630.75      1.02465
      2630.85      1.03555
      2630.95      1.03542
      2631.05      1.05117
      2631.15      1.05516
      2631.25      1.06896
      2631.35      1.09121
      2631.45      1.10482
      2631.55      1.13102
      2631.65      1.15267
      2631.75      1.18470
      2631.85      1.18685
      2631.95      1.18388
      2632.05      1.18675
      2632.15      1.18243
      2632.25      1.18354
      2632.35      1.18985
      2632.45      1.18892
      2632.55      1.16543
      2632.65      1.13580
      2632.75      1.10060
      2632.85      1.08445
      2632.95      1.07530
      2633.05      1.05233
      2633.15      1.04679
      2633.25      1.03990
      2633.35      1.03364
      2633.45      1.03131
      2633.55      1.02062
      2633.65      1.02491
      2633.75      1.00244
      2633.85      1.01294
      2633.95      1.01496
      2634.05      1.01753
      2634.15      1.01169
      2634.25      1.00388
      2634.35      1.01169
      2634.45      1.01172
      2634.55      1.00099
      2634.65      1.00201
      2634.75      1.01041
      2634.85      1.00543
      2634.95     0.996765
      2635.05      1.00744
      2635.15     0.998413
      2635.25      1.00148
      2635.35      1.00198
      2635.45      1.00635
      2635.55     0.998712
      2635.65     0.997095
      2635.75      1.00800
      2635.85     0.995579
      2635.95     0.996502
      2636.05      1.01519
      2636.15      1.00214
      2636.25      1.00517
      2636.35      1.01045
      2636.45      1.00333
      2636.55     0.992481
      2636.65     0.999760
      2636.75      1.00655
      2636.85     0.999531
      2636.95     0.992317
      2637.05     0.996403
      2637.15     0.994294
      2637.25      1.00356
      2637.35      1.00715
      2637.45     0.988758
      2637.55     0.986517
      2637.65     0.997787
      2637.75     0.998281
      2637.85     0.989911
      2637.95     0.999011
      2638.05      1.00280
      2638.15      1.00411
      2638.25     0.995909
      2638.35      1.00082
      2638.45      1.00128
      2638.55      1.00830
      2638.65     0.997556
      2638.75      1.00576
      2638.85      1.00168
      2638.95     0.998314
