      2573.05      1.00026
      2573.15     0.998182
      2573.25     0.999042
      2573.35     0.999769
      2573.45      1.00324
      2573.55      1.00919
      2573.65     0.998050
      2573.75      1.00489
      2573.85      1.00007
      2573.95      1.00324
      2574.05     0.997984
      2574.15      1.00347
      2574.25     0.997455
      2574.35     0.998975
      2574.45      1.00701
      2574.55      1.00264
      2574.65      1.00578
      2574.75     0.988895
      2574.85      1.00344
      2574.95     0.995076
      2575.05      1.00281
      2575.15      1.00000
      2575.25      1.00645
      2575.35     0.999141
      2575.45      1.00261
      2575.55      1.00142
      2575.65      1.00919
      2575.75      1.00036
      2575.85     0.999570
      2575.95     0.997687
      2576.05     0.993985
      2576.15     0.996563
      2576.25     0.996100
      2576.35     0.997918
      2576.45     0.999570
      2576.55      1.00681
      2576.65      1.00863
      2576.75     0.999108
      2576.85     0.991903
      2576.95     0.998513
      2577.05      1.00255
      2577.15      1.00185
      2577.25      1.00774
      2577.35     0.997158
      2577.45     0.993853
      2577.55      1.00063
      2577.65     0.996332
      2577.75     0.990746
      2577.85     0.994249
      2577.95     0.967182
      2578.05     0.875537
      2578.15     0.709796
      2578.25     0.591843
      2578.35     0.554465
      2578.45     0.549309
      2578.55     0.550532
      2578.65     0.550102
      2578.75     0.563091
      2578.85     0.574823
      2578.95     0.567486
      2579.05     0.574625
      2579.15     0.572245
      2579.25     0.587679
      2579.35     0.592273
      2579.45     0.593099
      2579.55     0.600568
      2579.65     0.605922
      2579.75     0.607244
      2579.85     0.612830
      2579.95     0.617688
      2580.05     0.614482
      2580.15     0.635501
      2580.25     0.637583
      2580.35     0.635634
      2580.45     0.649052
      2580.55     0.650902
      2580.65     0.654769
      2580.75     0.656686
      2580.85     0.662073
      2580.95     0.673904
      2581.05     0.678796
      2581.15     0.679093
      2581.25     0.692875
      2581.35     0.693470
      2581.45     0.699947
      2581.55     0.701401
      2581.65     0.710622
      2581.75     0.719347
      2581.85     0.717232
      2581.95     0.721859
      2582.05     0.725329
      2582.15     0.735772
      2582.25     0.736599
      2582.35     0.749587
      2582.45     0.745191
      2582.55     0.767202
      2582.65     0.758741
      2582.75     0.778075
      2582.85     0.774341
      2582.95     0.784586
      2583.05     0.787098
      2583.15     0.789708
      2583.25     0.816148
      2583.35     0.810794
      2583.45     0.813504
      2583.55     0.840174
      2583.65     0.831416
      2583.75     0.846454
      2583.85     0.848602
      2583.95     0.856864
      2584.05     0.868894
      2584.15     0.878677
      2584.25     0.871406
      2584.35     0.879734
      2584.45     0.901415
      2584.55     0.902175
      2584.65     0.905149
      2584.75     0.914171
      2584.85     0.929704
      2584.95     0.935753
      2585.05     0.947650
      2585.15     0.958094
      2585.25     0.952310
      2585.35     0.976370
      2585.45     0.976700
      2585.55     0.988962
      2585.65     0.999670
      2585.75      1.00882
      2585.85      1.01110
      2585.95      1.02211
      2586.05      1.03355
      2586.15      1.04287
      2586.25      1.06029
      2586.35      1.07198
      2586.45      1.07961
      2586.55      1.07496
      2586.65      1.07195
      2586.75      1.09075
      2586.85      1.08154
      2586.95      1.08543
      2587.05      1.07400
      2587.15      1.07397
      2587.25      1.06996
      2587.35      1.05856
      2587.45      1.07277
      2587.55      1.06425
      2587.65      1.06693
      2587.75      1.06118
      2587.85      1.06736
      2587.95      1.05221
      2588.05      1.07717
      2588.15      1.06964
      2588.25      1.05516
      2588.35      1.05341
      2588.45      1.05510
      2588.55      1.05060
      2588.65      1.03814
      2588.75      1.05053
      2588.85      1.04733
      2588.95      1.04590
      2589.05      1.04779
      2589.15      1.04376
      2589.25      1.04372
      2589.35      1.03929
      2589.45      1.03073
      2589.55      1.04521
      2589.65      1.03807
      2589.75      1.03748
      2589.85      1.03573
      2589.95      1.03305
      2590.05      1.03540
      2590.15      1.02422
      2590.25      1.01507
      2590.35      1.02307
      2590.45      1.01662
      2590.55      1.01494
      2590.65      1.01590
      2590.75      1.00873
      2590.85      1.00538
      2590.95      1.01563
      2591.05      1.00159
      2591.15      1.00578
      2591.25     0.990416
      2591.35     0.966389
      2591.45     0.854617
      2591.55     0.572378
      2591.65     0.306332
      2591.75     0.181737
      2591.85     0.152026
      2591.95     0.152588
      2592.05     0.159561
      2592.15     0.163560
      2592.25     0.172913
      2592.35     0.173144
      2592.45     0.186331
      2592.55     0.191784
      2592.65     0.197931
      2592.75     0.197435
      2592.85     0.204938
      2592.95     0.211184
      2593.05     0.217133
      2593.15     0.221396
      2593.25     0.232401
      2593.35     0.232269
      2593.45     0.234616
      2593.55     0.245819
      2593.65     0.248331
      2593.75     0.255668
      2593.85     0.258444
      2593.95     0.270738
      2594.05     0.274671
      2594.15     0.277447
      2594.25     0.286106
      2594.35     0.288089
      2594.45     0.298599
      2594.55     0.308480
      2594.65     0.310860
      2594.75     0.317734
      2594.85     0.330756
      2594.95     0.332144
      2595.05     0.336275
      2595.15     0.348338
      2595.25     0.352337
      2595.35     0.361987
      2595.45     0.373918
      2595.55     0.386080
      2595.65     0.390740
      2595.75     0.396391
      2595.85     0.402935
      2595.95     0.415196
      2596.05     0.434992
      2596.15     0.437636
      2596.25     0.445238
      2596.35     0.465695
      2596.45     0.473693
      2596.55     0.486450
      2596.65     0.505090
      2596.75     0.515963
      2596.85     0.525183
      2596.95     0.543592
      2597.05     0.558199
      2597.15     0.581863
      2597.25     0.603840
      2597.35     0.617159
      2597.45     0.638211
      2597.55     0.661577
      2597.65     0.684183
      2597.75     0.711944
      2597.85     0.732633
      2597.95     0.766739
      2598.05     0.791989
      2598.15     0.825038
      2598.25     0.854584
      2598.35     0.891368
      2598.45     0.923392
      2598.55     0.966224
      2598.65     0.997984
      2598.75      1.03589
      2598.85      1.09343
      2598.95      1.13910
      2599.05      1.18064
      2599.15      1.24106
      2599.25      1.28978
      2599.35      1.35082
      2599.45      1.42449
      2599.55      1.45971
      2599.65      1.55473
      2599.75      1.65398
      2599.85      1.74608
      2599.95      1.76925
      2600.05      1.79889
      2600.15      1.85954
      2600.25      1.82014
      2600.35      1.79090
      2600.45      1.77504
      2600.55      1.76688
      2600.65      1.74688
      2600.75      1.72371
      2600.85      1.68620
      2600.95      1.66428
      2601.05      1.64076
      2601.15      1.60919
      2601.25      1.59195
      2601.35      1.54677
      2601.45      1.53599
      2601.55      1.50231
      2601.65      1.47376
      2601.75      1.45588
      2601.85      1.43021
      2601.95      1.39937
      2602.05      1.39543
      2602.15      1.36014
      2602.25      1.34245
      2602.35      1.33330
      2602.45      1.31116
      2602.55      1.31136
      2602.65      1.27460
      2602.75      1.27057
      2602.85      1.25273
      2602.95      1.24331
      2603.05      1.23362
      2603.15      1.21330
      2603.25      1.20937
      2603.35      1.19717
      2603.45      1.17044
      2603.55      1.16633
      2603.65      1.16722
      2603.75      1.14327
      2603.85      1.15285
      2603.95      1.14423
      2604.05      1.13633
      2604.15      1.14301
      2604.25      1.13068
      2604.35      1.13725
      2604.45      1.12886
      2604.55      1.12354
      2604.65      1.12106
      2604.75      1.12787
      2604.85      1.11947
      2604.95      1.12512
      2605.05      1.10867
      2605.15      1.12367
      2605.25      1.12724
      2605.35      1.12113
      2605.45      1.12387
      2605.55      1.12638
      2605.65      1.13216
      2605.75      1.12690
      2605.85      1.11383
      2605.95      1.11544
      2606.05      1.12572
      2606.15      1.12539
      2606.25      1.13054
      2606.35      1.12797
      2606.45      1.11643
      2606.55      1.11917
      2606.65      1.11597
      2606.75      1.12029
      2606.85      1.11884
      2606.95      1.13394
      2607.05      1.12314
      2607.15      1.12453
      2607.25      1.12664
      2607.35      1.11511
      2607.45      1.10883
      2607.55      1.12063
      2607.65      1.11459
      2607.75      1.11091
      2607.85      1.11439
      2607.95      1.11452
      2608.05      1.11312
      2608.15      1.09528
      2608.25      1.09386
      2608.35      1.10371
      2608.45      1.09994
      2608.55      1.09121
      2608.65      1.08712
      2608.75      1.08417
      2608.85      1.07793
      2608.95      1.07700
      2609.05      1.08500
      2609.15      1.07730
      2609.25      1.08599
      2609.35      1.07677
      2609.45      1.08996
      2609.55      1.08910
      2609.65      1.08864
      2609.75      1.10044
      2609.85      1.09476
      2609.95      1.08871
      2610.05      1.10698
      2610.15      1.09845
      2610.25      1.09296
      2610.35      1.09436
      2610.45      1.09941
      2610.55      1.10318
      2610.65      1.10827
      2610.75      1.10847
      2610.85      1.10450
      2610.95      1.11785
      2611.05      1.11412
      2611.15      1.11114
      2611.25      1.10255
      2611.35      1.12258
      2611.45      1.11230
      2611.55      1.12426
      2611.65      1.11399
      2611.75      1.11950
      2611.85      1.11531
      2611.95      1.12327
      2612.05      1.13481
      2612.15      1.12268
      2612.25      1.12827
      2612.35      1.13058
      2612.45      1.13170
      2612.55      1.13243
      2612.65      1.13058
      2612.75      1.13216
      2612.85      1.13068
      2612.95      1.13706
      2613.05      1.12598
      2613.15      1.12748
      2613.25      1.13402
      2613.35      1.11683
      2613.45      1.11594
      2613.55      1.12542
      2613.65      1.12291
      2613.75      1.12162
      2613.85      1.11752
      2613.95      1.11190
      2614.05      1.12212
      2614.15      1.11240
      2614.25      1.11775
      2614.35      1.11345
      2614.45      1.10605
      2614.55      1.09934
      2614.65      1.10377
      2614.75      1.09522
      2614.85      1.10457
      2614.95      1.08712
      2615.05      1.09419
      2615.15      1.09009
      2615.25      1.10364
      2615.35      1.08989
      2615.45      1.09779
      2615.55      1.08894
      2615.65      1.08917
      2615.75      1.07809
      2615.85      1.08226
      2615.95      1.08253
      2616.05      1.08484
      2616.15      1.07958
      2616.25      1.07806
      2616.35      1.06891
      2616.45      1.07079
      2616.55      1.06812
      2616.65      1.07700
      2616.75      1.08332
      2616.85      1.07628
      2616.95      1.06626
      2617.05      1.06739
      2617.15      1.06388
      2617.25      1.05727
      2617.35      1.06233
      2617.45      1.07142
      2617.55      1.05271
      2617.65      1.06012
      2617.75      1.05407
      2617.85      1.05579
      2617.95      1.05264
      2618.05      1.05297
      2618.15      1.05503
      2618.25      1.06474
      2618.35      1.06342
      2618.45      1.06309
      2618.55      1.05945
      2618.65      1.05444
      2618.75      1.06128
      2618.85      1.06217
      2618.95      1.06171
      2619.05      1.05714
      2619.15      1.06567
      2619.25      1.07310
      2619.35      1.05228
      2619.45      1.06105
      2619.55      1.07079
      2619.65      1.06392
      2619.75      1.07221
      2619.85      1.06279
      2619.95      1.06799
      2620.05      1.06108
      2620.15      1.06230
      2620.25      1.07433
      2620.35      1.07280
      2620.45      1.07099
      2620.55      1.07155
      2620.65      1.06970
      2620.75      1.07456
      2620.85      1.07931
      2620.95      1.07512
      2621.05      1.07135
      2621.15      1.06524
      2621.25      1.07522
      2621.35      1.08292
      2621.45      1.08427
      2621.55      1.07757
      2621.65      1.07244
      2621.75      1.10070
      2621.85      1.09039
      2621.95      1.08233
      2622.05      1.09108
      2622.15      1.09346
      2622.25      1.10493
      2622.35      1.10010
      2622.45      1.10486
      2622.55      1.09098
      2622.65      1.10625
      2622.75      1.10463
      2622.85      1.10579
      2622.95      1.10870
      2623.05      1.11993
      2623.15      1.10758
      2623.25      1.10708
      2623.35      1.11643
      2623.45      1.11963
      2623.55      1.12245
      2623.65      1.13282
      2623.75      1.13507
      2623.85      1.13663
      2623.95      1.14565
      2624.05      1.14611
      2624.15      1.13610
      2624.25      1.14192
      2624.35      1.14958
      2624.45      1.16254
      2624.55      1.17275
      2624.65      1.16115
      2624.75      1.17189
      2624.85      1.16981
      2624.95      1.15117
      2625.05      1.16419
      2625.15      1.17559
      2625.25      1.17968
      2625.35      1.18914
      2625.45      1.18659
      2625.55      1.18087
      2625.65      1.20250
      2625.75      1.18507
      2625.85      1.20580
      2625.95      1.19089
      2626.05      1.21227
      2626.15      1.19981
      2626.25      1.21346
      2626.35      1.20963
      2626.45      1.21812
      2626.55      1.21710
      2626.65      1.21419
      2626.75      1.21174
      2626.85      1.21039
      2626.95      1.20887
      2627.05      1.20570
      2627.15      1.20745
      2627.25      1.21006
      2627.35      1.19447
      2627.45      1.20894
      2627.55      1.20599
      2627.65      1.19975
      2627.75      1.18108
      2627.85      1.19638
      2627.95      1.19063
      2628.05      1.18260
      2628.15      1.18639
      2628.25      1.19539
      2628.35      1.18858
      2628.45      1.17837
      2628.55      1.18346
      2628.65      1.18649
      2628.75      1.16574
      2628.85      1.17965
      2628.95      1.16666
      2629.05      1.17344
      2629.15      1.17314
      2629.25      1.16058
      2629.35      1.16974
      2629.45      1.16799
      2629.55      1.16330
      2629.65      1.16323
      2629.75      1.15857
      2629.85      1.15652
      2629.95      1.15626
      2630.05      1.15044
      2630.15      1.16152
      2630.25      1.15665
      2630.35      1.14740
      2630.45      1.15107
      2630.55      1.14985
      2630.65      1.15196
      2630.75      1.15183
      2630.85      1.14790
      2630.95      1.14621
      2631.05      1.15176
      2631.15      1.14241
      2631.25      1.13361
      2631.35      1.15100
      2631.45      1.14235
      2631.55      1.13137
      2631.65      1.15374
      2631.75      1.14215
      2631.85      1.12797
      2631.95      1.14268
      2632.05      1.13475
      2632.15      1.13613
      2632.25      1.12710
      2632.35      1.12781
      2632.45      1.12073
      2632.55      1.11970
      2632.65      1.12552
      2632.75      1.12043
      2632.85      1.11233
      2632.95      1.10374
      2633.05      1.11180
      2633.15      1.10728
      2633.25      1.10252
      2633.35      1.10542
      2633.45      1.10725
      2633.55      1.09115
      2633.65      1.09647
      2633.75      1.07446
      2633.85      1.09363
      2633.95      1.08470
      2634.05      1.07925
      2634.15      1.07691
      2634.25      1.06576
      2634.35      1.06012
      2634.45      1.07006
      2634.55      1.06266
      2634.65      1.06303
      2634.75      1.06332
      2634.85      1.05965
      2634.95      1.04829
      2635.05      1.04108
      2635.15      1.04293
      2635.25      1.02994
      2635.35      1.04928
      2635.45      1.03593
      2635.55      1.04168
      2635.65      1.04392
      2635.75      1.03645
      2635.85      1.04204
      2635.95      1.04211
      2636.05      1.04029
      2636.15      1.03219
      2636.25      1.03996
      2636.35      1.02915
      2636.45      1.03632
      2636.55      1.03599
      2636.65      1.03431
      2636.75      1.02717
      2636.85      1.02561
      2636.95      1.03143
      2637.05      1.01847
      2637.15      1.01954
      2637.25      1.03090
      2637.35      1.03113
      2637.45      1.02974
      2637.55      1.02475
      2637.65      1.02320
      2637.75      1.01897
      2637.85      1.03461
      2637.95      1.02800
      2638.05      1.02872
      2638.15      1.01685
      2638.25      1.01784
      2638.35      1.01448
      2638.45      1.01156
      2638.55      1.02796
      2638.65      1.01153
      2638.75      1.01441
      2638.85      1.01507
      2638.95      1.01024
