      2780.05     0.993938
      2780.15      1.00458
      2780.25     0.999960
      2780.35      1.00322
      2780.45      1.00046
      2780.55      1.00048
      2780.65     0.988296
      2780.75      1.00158
      2780.85     0.999100
      2780.95     0.998600
      2781.05     0.996699
      2781.15     0.998019
      2781.25     0.997499
      2781.35     0.994878
      2781.45     0.992137
      2781.55     0.995038
      2781.65     0.997859
      2781.75     0.992857
      2781.85      1.01070
      2781.95      1.00288
      2782.05     0.999280
      2782.15      1.00032
      2782.25     0.994658
      2782.35     0.999380
      2782.45      1.00060
      2782.55     0.996919
      2782.65      1.00552
      2782.75     0.997959
      2782.85      1.00656
      2782.95      1.00162
      2783.05      1.00230
      2783.15      1.00508
      2783.25      1.00062
      2783.35      1.00252
      2783.45      1.00572
      2783.55     0.995738
      2783.65     0.995298
      2783.75      1.00688
      2783.85     0.997139
      2783.95     0.985995
      2784.05      1.00310
      2784.15     0.998279
      2784.25     0.992537
      2784.35     0.995919
      2784.45      1.00044
      2784.55      1.00210
      2784.65      1.00440
      2784.75      1.00498
      2784.85     0.991817
      2784.95      1.00286
      2785.05     0.999440
      2785.15      1.00664
      2785.25     0.996839
      2785.35      1.00370
      2785.45      1.00118
      2785.55     0.992297
      2785.65      1.00540
      2785.75     0.993858
      2785.85      1.00932
      2785.95     0.997419
      2786.05     0.990977
      2786.15      1.00224
      2786.25     0.995999
      2786.35     0.999460
      2786.45     0.995899
      2786.55     0.998640
      2786.65     0.992337
      2786.75     0.993198
      2786.85      1.00048
      2786.95     0.991357
      2787.05     0.990577
      2787.15     0.996679
      2787.25     0.986355
      2787.35     0.997599
      2787.45     0.986535
      2787.55     0.996919
      2787.65     0.988136
      2787.75     0.984695
      2787.85     0.983034
      2787.95     0.981333
      2788.05     0.984875
      2788.15     0.970709
      2788.25     0.967348
      2788.35     0.969309
      2788.45     0.955604
      2788.55     0.941939
      2788.65     0.913229
      2788.75     0.822456
      2788.85     0.535973
      2788.95     0.202193
      2789.05    0.0640831
      2789.15    0.0536993
      2789.25    0.0669041
      2789.35    0.0810692
      2789.45    0.0899524
      2789.55     0.105318
      2789.65     0.121784
      2789.75     0.132768
      2789.85     0.144372
      2789.95     0.158457
      2790.05     0.166160
      2790.15     0.178764
      2790.25     0.186767
      2790.35     0.202913
      2790.45     0.210936
      2790.55     0.223781
      2790.65     0.236505
      2790.75     0.237385
      2790.85     0.246689
      2790.95     0.258153
      2791.05     0.264715
      2791.15     0.272338
      2791.25     0.278520
      2791.35     0.283682
      2791.45     0.291405
      2791.55     0.294526
      2791.65     0.298607
      2791.75     0.302589
      2791.85     0.300968
      2791.95     0.305970
      2792.05     0.308671
      2792.15     0.313633
      2792.25     0.318595
      2792.35     0.316414
      2792.45     0.317054
      2792.55     0.318235
      2792.65     0.321596
      2792.75     0.326077
      2792.85     0.327278
      2792.95     0.326297
      2793.05     0.328478
      2793.15     0.333580
      2793.25     0.331519
      2793.35     0.338302
      2793.45     0.341483
      2793.55     0.343084
      2793.65     0.343604
      2793.75     0.346965
      2793.85     0.354468
      2793.95     0.357869
      2794.05     0.361610
      2794.15     0.366032
      2794.25     0.371054
      2794.35     0.378816
      2794.45     0.383158
      2794.55     0.393682
      2794.65     0.401825
      2794.75     0.408687
      2794.85     0.421172
      2794.95     0.433056
      2795.05     0.442519
      2795.15     0.455464
      2795.25     0.466568
      2795.35     0.486895
      2795.45     0.506922
      2795.55     0.527950
      2795.65     0.543756
      2795.75     0.567744
      2795.85     0.585471
      2795.95     0.613501
      2796.05     0.693650
      2796.15     0.857769
      2796.25      1.15077
      2796.35      1.67524
      2796.45      2.65225
      2796.55      3.30187
      2796.65      2.94942
      2796.75      2.50000
      2796.85      2.18425
      2796.95      1.92905
      2797.05      1.74367
      2797.15      1.60518
      2797.25      1.48233
      2797.35      1.38386
      2797.45      1.30503
      2797.55      1.23334
      2797.65      1.16602
      2797.75      1.11820
      2797.85      1.05848
      2797.95      1.01833
      2798.05     0.965748
      2798.15     0.937037
      2798.25     0.901905
      2798.35     0.866052
      2798.45     0.835361
      2798.55     0.810632
      2798.65     0.776480
      2798.75     0.759894
      2798.85     0.723120
      2798.95     0.711776
      2799.05     0.679645
      2799.15     0.654216
      2799.25     0.633828
      2799.35     0.610820
      2799.45     0.585031
      2799.55     0.565083
      2799.65     0.539134
      2799.75     0.524329
      2799.85     0.499320
      2799.95     0.477332
      2800.05     0.469209
      2800.15     0.462306
      2800.25     0.460886
      2800.35     0.463567
      2800.45     0.460186
      2800.55     0.467688
      2800.65     0.465828
      2800.75     0.472150
      2800.85     0.477292
      2800.95     0.477292
      2801.05     0.485635
      2801.15     0.491037
      2801.25     0.487455
      2801.35     0.496639
      2801.45     0.501721
      2801.55     0.509243
      2801.65     0.513925
      2801.75     0.518527
      2801.85     0.529351
      2801.95     0.536533
      2802.05     0.552719
      2802.15     0.562442
      2802.25     0.577768
      2802.35     0.596635
      2802.45     0.610540
      2802.55     0.633208
      2802.65     0.659017
      2802.75     0.683866
      2802.85     0.727842
      2802.95     0.774099
      2803.05     0.831559
      2803.15     0.940619
      2803.25      1.11768
      2803.35      1.57461
      2803.45      2.52363
      2803.55      3.97069
      2803.65      5.02561
      2803.75      4.81477
      2803.85      4.08861
      2803.95      3.52927
      2804.05      3.14965
      2804.15      2.87918
      2804.25      2.66832
      2804.35      2.51092
      2804.45      2.37421
      2804.55      2.26866
      2804.65      2.17026
      2804.75      2.08939
      2804.85      2.02173
      2804.95      1.96191
      2805.05      1.90020
      2805.15      1.85923
      2805.25      1.81185
      2805.35      1.77010
      2805.45      1.73558
      2805.55      1.72048
      2805.65      1.67880
      2805.75      1.65342
      2805.85      1.64343
      2805.95      1.62404
      2806.05      1.60126
      2806.15      1.58315
      2806.25      1.56908
      2806.35      1.55364
      2806.45      1.53537
      2806.55      1.52375
      2806.65      1.52243
      2806.75      1.49726
      2806.85      1.50322
      2806.95      1.48081
      2807.05      1.48171
      2807.15      1.47953
      2807.25      1.46727
      2807.35      1.46025
      2807.45      1.45851
      2807.55      1.43920
      2807.65      1.43610
      2807.75      1.42649
      2807.85      1.42407
      2807.95      1.42409
      2808.05      1.39120
      2808.15      1.39514
      2808.25      1.39332
      2808.35      1.38378
      2808.45      1.36785
      2808.55      1.36379
      2808.65      1.36981
      2808.75      1.35773
      2808.85      1.33810
      2808.95      1.32100
      2809.05      1.32048
      2809.15      1.31193
      2809.25      1.28358
      2809.35      1.27994
      2809.45      1.27466
      2809.55      1.24765
      2809.65      1.24221
      2809.75      1.21614
      2809.85      1.20015
      2809.95      1.18767
      2810.05      1.17606
      2810.15      1.16412
      2810.25      1.13211
      2810.35      1.12645
      2810.45      1.11144
      2810.55      1.08441
      2810.65      1.06844
      2810.75      1.05190
      2810.85      1.03555
      2810.95      1.02159
      2811.05      1.01695
      2811.15      1.00808
      2811.25     0.999800
      2811.35     0.994058
      2811.45      1.00242
      2811.55      1.00466
      2811.65      1.00350
      2811.75      1.00610
      2811.85      1.00542
      2811.95      1.00344
      2812.05      1.00474
      2812.15      1.00334
      2812.25      1.00378
      2812.35     0.999740
      2812.45     0.997759
      2812.55      1.00240
      2812.65      1.00438
      2812.75      1.00138
      2812.85     0.998099
      2812.95      1.00508
      2813.05     0.995618
      2813.15     0.999440
      2813.25     0.989876
      2813.35      1.00296
      2813.45     0.998139
      2813.55     0.999560
      2813.65      1.00440
      2813.75     0.996959
      2813.85      1.00138
      2813.95      1.00356
      2814.05     0.993057
      2814.15     0.997499
      2814.25      1.00616
      2814.35      1.00068
      2814.45      1.00412
      2814.55     0.995859
      2814.65     0.999980
      2814.75      1.00330
      2814.85      1.00764
      2814.95     0.996479
      2815.05     0.998039
      2815.15      1.00084
      2815.25     0.992957
      2815.35     0.997599
      2815.45      1.00000
      2815.55     0.997259
      2815.65      1.00838
      2815.75     0.999440
      2815.85      1.00138
      2815.95      1.00312
      2816.05      1.00168
      2816.15      1.00192
      2816.25     0.999880
      2816.35     0.998099
      2816.45     0.999500
      2816.55      1.00778
      2816.65      1.00050
      2816.75      1.00360
      2816.85      1.00514
      2816.95     0.991517
      2817.05     0.994698
      2817.15      1.00606
      2817.25     0.999520
      2817.35     0.994218
      2817.45      1.00546
      2817.55     0.996539
      2817.65     0.994558
      2817.75     0.997819
      2817.85     0.999280
      2817.95     0.999420
      2818.05     0.998059
      2818.15     0.995919
      2818.25      1.00418
      2818.35     0.998860
      2818.45      1.00782
      2818.55      1.00096
      2818.65      1.00410
      2818.75     0.994398
      2818.85     0.997719
      2818.95      1.00408
      2819.05      1.00504
      2819.15     0.990417
      2819.25      1.00316
      2819.35     0.997359
      2819.45      1.00536
      2819.55      1.00560
      2819.65     0.998880
      2819.75      1.00776
      2819.85      1.00078
      2819.95      1.00526
