      2780.05      1.00946
      2780.15      1.00318
      2780.25      1.00134
      2780.35      1.01152
      2780.45     0.995540
      2780.55     0.997780
      2780.65      1.00004
      2780.75     0.996780
      2780.85      1.00146
      2780.95      1.00064
      2781.05     0.997680
      2781.15     0.996920
      2781.25     0.998180
      2781.35     0.995320
      2781.45      1.00268
      2781.55     0.998300
      2781.65     0.999500
      2781.75      1.00356
      2781.85     0.991440
      2781.95      1.00614
      2782.05      1.00200
      2782.15      1.00150
      2782.25      1.00104
      2782.35      1.00718
      2782.45      1.00740
      2782.55      1.00504
      2782.65      1.00582
      2782.75     0.999960
      2782.85     0.999360
      2782.95     0.988760
      2783.05     0.998080
      2783.15      1.00336
      2783.25      1.00204
      2783.35     0.991980
      2783.45      1.00002
      2783.55      1.00194
      2783.65     0.991980
      2783.75     0.995280
      2783.85     0.999260
      2783.95      1.00034
      2784.05     0.996560
      2784.15     0.990340
      2784.25      1.00300
      2784.35      1.00342
      2784.45     0.988120
      2784.55      1.00368
      2784.65     0.987179
      2784.75      1.00222
      2784.85     0.993600
      2784.95      1.01132
      2785.05     0.994200
      2785.15     0.992840
      2785.25     0.999600
      2785.35     0.999100
      2785.45     0.998620
      2785.55      1.00238
      2785.65     0.997400
      2785.75     0.996640
      2785.85     0.993480
      2785.95      1.00114
      2786.05     0.996680
      2786.15      1.00776
      2786.25     0.993300
      2786.35      1.00230
      2786.45     0.998200
      2786.55      1.00196
      2786.65      1.00230
      2786.75      1.00252
      2786.85      1.00166
      2786.95      1.00630
      2787.05      1.00200
      2787.15     0.993020
      2787.25      1.00110
      2787.35      1.00192
      2787.45      1.00920
      2787.55      1.00386
      2787.65      1.00460
      2787.75      1.00192
      2787.85      1.00070
      2787.95      1.00038
      2788.05     0.999060
      2788.15      1.00240
      2788.25      1.00270
      2788.35     0.999620
      2788.45      1.00016
      2788.55     0.991380
      2788.65     0.984959
      2788.75     0.991580
      2788.85     0.993580
      2788.95     0.987660
      2789.05     0.992500
      2789.15     0.981719
      2789.25     0.984799
      2789.35     0.982479
      2789.45     0.986159
      2789.55     0.982819
      2789.65     0.982299
      2789.75     0.976659
      2789.85     0.979759
      2789.95     0.971219
      2790.05     0.976839
      2790.15     0.966559
      2790.25     0.960758
      2790.35     0.959558
      2790.45     0.952198
      2790.55     0.953198
      2790.65     0.947738
      2790.75     0.941958
      2790.85     0.941038
      2790.95     0.936857
      2791.05     0.924657
      2791.15     0.915457
      2791.25     0.896376
      2791.35     0.868815
      2791.45     0.860814
      2791.55     0.828893
      2791.65     0.792692
      2791.75     0.726429
      2791.85     0.610424
      2791.95     0.331713
      2792.05    0.0604624
      2792.15    0.0363815
      2792.25    0.0393016
      2792.35    0.0391816
      2792.45    0.0405816
      2792.55    0.0461218
      2792.65    0.0482019
      2792.75    0.0551622
      2792.85    0.0623625
      2792.95    0.0688628
      2793.05    0.0768831
      2793.15    0.0847434
      2793.25    0.0903436
      2793.35     0.107384
      2793.45     0.116445
      2793.55     0.128885
      2793.65     0.141806
      2793.75     0.154726
      2793.85     0.167547
      2793.95     0.185447
      2794.05     0.198988
      2794.15     0.217949
      2794.25     0.237810
      2794.35     0.258790
      2794.45     0.282851
      2794.55     0.306572
      2794.65     0.336793
      2794.75     0.357474
      2794.85     0.391256
      2794.95     0.420517
      2795.05     0.453198
      2795.15     0.492040
      2795.25     0.538141
      2795.35     0.586923
      2795.45     0.671487
      2795.55     0.976919
      2795.65      1.44254
      2795.75      1.66163
      2795.85      1.77085
      2795.95      1.82905
      2796.05      1.87910
      2796.15      1.91388
      2796.25      1.98096
      2796.35      2.03046
      2796.45      2.04618
      2796.55      2.06676
      2796.65      2.11262
      2796.75      2.13411
      2796.85      2.16271
      2796.95      2.18705
      2797.05      2.18683
      2797.15      2.18595
      2797.25      2.13509
      2797.35      2.04084
      2797.45      1.93058
      2797.55      1.84831
      2797.65      1.77533
      2797.75      1.72065
      2797.85      1.66221
      2797.95      1.61388
      2798.05      1.56620
      2798.15      1.52040
      2798.25      1.48398
      2798.35      1.44516
      2798.45      1.38772
      2798.55      1.35129
      2798.65      1.30923
      2798.75      1.26751
      2798.85      1.21067
      2798.95      1.14729
      2799.05      1.01264
      2799.15     0.655626
      2799.25     0.257310
      2799.35     0.169967
      2799.45     0.139026
      2799.55     0.119745
      2799.65     0.103224
      2799.75    0.0905036
      2799.85    0.0840434
      2799.95    0.0823033
      2800.05    0.0834233
      2800.15    0.0931637
      2800.25    0.0990040
      2800.35     0.105224
      2800.45     0.118045
      2800.55     0.131085
      2800.65     0.136545
      2800.75     0.152526
      2800.85     0.167767
      2800.95     0.184387
      2801.05     0.196048
      2801.15     0.215029
      2801.25     0.228689
      2801.35     0.246850
      2801.45     0.272911
      2801.55     0.291172
      2801.65     0.318853
      2801.75     0.342234
      2801.85     0.369935
      2801.95     0.395476
      2802.05     0.425537
      2802.15     0.469939
      2802.25     0.506320
      2802.35     0.549202
      2802.45     0.601084
      2802.55     0.687747
      2802.65     0.914837
      2802.75      1.37319
      2802.85      1.69655
      2802.95      1.80833
      2803.05      1.86735
      2803.15      1.91330
      2803.25      1.94774
      2803.35      1.99362
      2803.45      2.01372
      2803.55      2.04598
      2803.65      2.06192
      2803.75      2.07738
      2803.85      2.09768
      2803.95      2.11042
      2804.05      2.12855
      2804.15      2.13703
      2804.25      2.15081
      2804.35      2.11290
      2804.45      2.08514
      2804.55      1.99514
      2804.65      1.92380
      2804.75      1.85717
      2804.85      1.78489
      2804.95      1.74225
      2805.05      1.68591
      2805.15      1.64175
      2805.25      1.61230
      2805.35      1.54814
      2805.45      1.52792
      2805.55      1.50016
      2805.65      1.45346
      2805.75      1.42420
      2805.85      1.40026
      2805.95      1.38222
      2806.05      1.34101
      2806.15      1.32145
      2806.25      1.29405
      2806.35      1.27419
      2806.45      1.25783
      2806.55      1.23055
      2806.65      1.20601
      2806.75      1.18985
      2806.85      1.16809
      2806.95      1.15317
      2807.05      1.12490
      2807.15      1.11628
      2807.25      1.10626
      2807.35      1.09066
      2807.45      1.08794
      2807.55      1.05974
      2807.65      1.05192
      2807.75      1.03154
      2807.85      1.03472
      2807.95      1.02486
      2808.05      1.01542
      2808.15      1.01486
      2808.25      1.00882
      2808.35      1.01546
      2808.45      1.01160
      2808.55      1.00930
      2808.65      1.01274
      2808.75      1.00580
      2808.85      1.00784
      2808.95      1.01204
      2809.05      1.00630
      2809.15      1.00544
      2809.25      1.00936
      2809.35      1.00076
      2809.45      1.00414
      2809.55      1.00078
      2809.65      1.00912
      2809.75      1.00568
      2809.85      1.00024
      2809.95      1.00512
      2810.05      1.01048
      2810.15      1.00104
      2810.25      1.00182
      2810.35     0.999320
      2810.45      1.00348
      2810.55      1.00140
      2810.65      1.00220
      2810.75      1.00754
      2810.85      1.00266
      2810.95      1.00034
      2811.05      1.00256
      2811.15     0.997020
      2811.25     0.999440
      2811.35      1.00646
      2811.45     0.996300
      2811.55     0.994420
      2811.65      1.00498
      2811.75      1.00238
      2811.85      1.00082
      2811.95     0.992680
      2812.05      1.00108
      2812.15      1.00430
      2812.25     0.994120
      2812.35     0.998440
      2812.45     0.997540
      2812.55      1.00092
      2812.65     0.999100
      2812.75     0.998620
      2812.85      1.00326
      2812.95     0.999820
      2813.05     0.999300
      2813.15     0.998520
      2813.25      1.00620
      2813.35      1.00750
      2813.45     0.995400
      2813.55      1.00208
      2813.65      1.00276
      2813.75      1.00210
      2813.85     0.995440
      2813.95      1.00572
      2814.05     0.992980
      2814.15      1.00338
      2814.25      1.00176
      2814.35      1.00430
      2814.45     0.997240
      2814.55     0.988620
      2814.65      1.00242
      2814.75      1.00468
      2814.85      1.00080
      2814.95      1.00360
      2815.05     0.999600
      2815.15      1.00364
      2815.25      1.00098
      2815.35     0.996480
      2815.45      1.00754
      2815.55      1.00380
      2815.65     0.999560
      2815.75      1.00038
      2815.85     0.995700
      2815.95      1.00064
      2816.05      1.00088
      2816.15      1.00636
      2816.25      1.00364
      2816.35     0.994740
      2816.45     0.995460
      2816.55      1.00378
      2816.65     0.998280
      2816.75     0.991060
      2816.85     0.999900
      2816.95     0.991820
      2817.05      1.00326
      2817.15      1.00416
      2817.25      1.00306
      2817.35     0.991640
      2817.45      1.00098
      2817.55      1.00100
      2817.65      1.00114
      2817.75     0.997600
      2817.85     0.995920
      2817.95      1.00706
      2818.05     0.988860
      2818.15      1.00764
      2818.25     0.996020
      2818.35      1.00300
      2818.45     0.990720
      2818.55     0.997620
      2818.65      1.00414
      2818.75      1.00000
      2818.85     0.989680
      2818.95      1.00310
      2819.05     0.996880
      2819.15     0.998080
      2819.25     0.996420
      2819.35      1.01058
      2819.45      1.00046
      2819.55     0.998000
      2819.65     0.994960
      2819.75      1.00988
      2819.85     0.999980
      2819.95     0.997760
